7.27924842998
6.05305120922
13.9378571559
8.71798906734
3.09880467894
1.16018187117
1.2907274366
1.17440991423
0.97889551834
1.47199070445
1.58027465356
1.4600172945
0.83179802181
1.26576487755
1.5039710976
1.61660271806
1.44875182395
2.87860474377
1.79351831457
1.19020004098
0.958765415236
1.54156114105
1.50209351918
1.62336661739
1.23763198116
0.779464370737
1.49904630174
1.57458035834
1.6209657794
0.482937794634
1.53211938398
1.44244192925
1.68200246817
1.56703926467
0.868179951271
1.13355719352
1.5861844086
1.56479232655
0.629773661384
1.43942549178
1.47165212473
1.63260060964
1.48260979553
0.79735523072
1.27549134938
1.59009346532
1.5270868582
1.57144080097
1.57756601583
1.51689868675
0.693472817916
1.55980597074
1.33880575624
1.65183809349
0.367943811157
1.62380523202
1.64626691816
1.04571884225
1.10685556593
1.36715411245
1.65288461261
1.28423286205
0.845433550364
1.43417750619
1.52705607823
1.52534009467
0.586158437993
1.28097018479
1.0941511316
1.16548372172
0.658152797563
1.4369015339
0.605365141872
1.4021201631
1.4492981685
0.811852598551
1.37509534578
0.861623816775
1.13710458554
1.40265881264
0.611875106407
1.64177304194
0.622709657313
1.45355349992
1.52942613624
1.48402567435
0.872150567939
2.10117185133
1.43229992776
1.21203843265
1.44610474618
0.708685820147
1.48904281013
1.35074838622
0.979241793049
1.32230769009
1.47673082047
0.478089948703
0.0
0.00356278200949
7.39501719921
5.66058894876
8.30378780347
9.41535402541
10.3562722446
16.0086851053
18.7258664228
6.66979500129
4.57668462808
0.0
2.31590082119
0.0
0.0
0.0
2.14996122721
0.0
3.28825085002
0.0
0.744071739606
0.0
4.20893563717
0.0
2.91806812081
0.0
1.93591951166
0.0
2.62245640546
0.0
3.10715208876
0.0
3.33043564711
0.0
2.12101087627
0.0
2.14342353807
0.0
2.13671087428
0.0
1.90512397352
0.0
2.53096057105
0.0
0.937657328058
0.724204163601
0.0
3.02850893763
0.0
1.64711590082
0.0
3.02457996143
0.0
2.51424253872
0.0
2.18667408983
0.0
2.13284552522
0.0
1.66357942457
0.0
3.21520688764
0.0
2.47512775138
0.0
1.34246913089
0.0
2.82084584336
0.0
1.94622710914
0.0
3.09380629511
0.0
3.16385978168
0.0
2.92748493826
0.0
1.79590797924
0.0
2.95058159187
0.0
2.61342135088
0.0
1.27115900821
0.0
3.33641659873
0.0
2.63365478297
0.0
1.77484739427
0.0
3.10589545265
0.0
1.7785059551
0.0
2.41469787048
0.0
3.16774103752
0.0
2.39193525938
0.434796094884
0.00736484202573
4.97804395262
10.1294266143
13.0046983551
10.860976099
2.91433352851
1.63145365363
1.60963740207
1.23597331318
1.3705338782
1.37601225341
1.37077700136
1.62383579462
1.69427667821
1.60762758394
1.56363850017
0.146651890181
1.24135443912
0.851028309666
1.61832500299
1.63680236316
1.5993613965
1.30443679507
0.824382011317
1.68781770625
1.64950960033
1.67667456142
0.99148866337
1.18294004785
1.59581179836
1.63369038671
1.66691721859
0.940692131116
0.81481916702
1.95563407533
1.69628649633
0.85701724351
0.831959349808
2.10064893623
1.65686812797
1.57550291039
0.560155760905
1.50308462509
1.70273736418
0.867657933818
0.823928181418
1.59245669875
1.58367184857
1.70195937007
0.720454964474
1.41826705864
1.60996156628
1.69447117674
1.25500175251
0.879708738454
1.63615403473
1.62801751297
0.7763732913
1.3933064142
1.53757569741
1.25759506622
1.00380690348
1.65245139056
1.58483883974
1.6224418885
1.2710721934
0.897610707144
0.971463419082
1.28275020919
1.01302937536
1.112401915
1.11874742948
0.112711897029
0.956576177577
1.49511018544
0.767215652269
1.57388208932
1.22420615223
0.943877044514
1.62175303955
0.678491907038
1.5081091704
0.965393444184
0.640127072372
2.17408023469
1.60056080409
0.816893817986
1.39247169135
1.63054599384
0.657372608529
1.5150868051
1.62710985317
1.00044369977
1.15956780806
1.57122394277
0.864027294627
1.35659481702
1.60823539184
0.820929662444
0.0
0.00375220077111
9.19516680726
2.60851390655
3.69073945834
1.23058224108
1.37940898732
1.33772836584
1.13589934066
0.983574027675
1.34629683257
1.47377627807
0.790984979162
0.899339821798
1.44961535072
1.3450343939
1.76725297878
1.35623517957
1.37640733792
0.679245726469
1.01580650441
1.43776991552
1.79242117103
1.36413213637
1.33003286202
1.35368344182
1.32580234945
0.750936126815
2.39028660883
1.33192652003
0.807289240312
0.987603087267
1.36734195384
1.36730166325
2.51762503725
0.826145239204
1.22684193076
0.681421418649
0.98816715561
1.42652883925
2.0605349416
1.0149201113
1.12322123314
0.153668332851
1.90490579975
1.3569335499
1.81572928077
1.38803788995
1.35714843307
1.14323222912
0.983869492045
1.03971225799
0.978900318548
2.13626111664
0.903234579404
0.971486848898
1.31062622498
1.36509911067
1.36821491675
1.77622435147
1.35458326513
1.15744809438
0.59622023847
1.42099559741
1.35545622804
2.57381698836
0.886366249911
1.13791387046
1.20883874948
1.37441966853
1.36641527014
2.5626162027
1.28537745154
0.967404068511
1.13729608132
1.24600682422
1.37428536654
2.27359832794
0.700075964561
1.53735483844
1.34336904927
1.22392086255
0.909519912368
2.32379369536
1.37055177132
1.0090376843
0.467236610721
1.6405054791
1.39483357046
2.00475261154
1.07659158346
1.4142536377
1.29681998078
0.988220876404
0.463905921459
3.0458750404
1.35357600024
1.26901946959
1.47713382773
1.12308693116
0.441960976879
29.9566762
1.73407369742
1.74487170608
3.06717503349
0.636737893206
1.17372597181
1.25281226297
0.753941560339
1.20178863135
2.04654698536
1.81436277052
0.762104260247
1.10715401859
1.40557908376
1.43441882151
0.462111524239
2.65047866329
1.33546635674
1.40587640064
1.18829449913
0.668611614617
1.31097149981
1.76431893317
1.39503784878
1.14956221778
0.983226935558
0.979172614412
1.15048119724
1.96281173929
1.39071323955
0.825297612512
0.939805156083
1.42247208853
1.38100989761
1.15277864589
1.94775669343
1.0965654832
0.484977895503
1.68400283127
0.438677548014
1.39769342913
2.72112520926
1.33522309747
0.885112363821
0.88970726112
1.35345402822
1.18791609582
0.564577734006
2.78404827345
1.41830965216
1.2253239656
1.08177396822
0.782051520286
1.45375793338
2.66422956918
1.35508927108
1.44333832803
1.18451046606
0.62182474859
1.34414260399
1.34527781391
2.49965115945
0.931953287463
1.09299768059
1.38619942868
1.40049766792
0.836136164376
2.28463023746
1.37149575732
1.40133556096
0.860245860791
0.886247573742
1.4163433064
1.39706500935
1.80288228447
1.30232903857
1.38011794696
1.29495017408
0.718750052791
1.12156037307
2.76994599306
1.34657519668
1.39314583224
1.35838678562
0.913735871113
0.811945381537
2.74641741601
1.16634710733
0.558030005355
1.29062556486
1.5256410473
0.693910578569
1.10569446298
2.57265596889
0.711911764457
1.30065325249
1.35490006943
1.29316627278
1.09081510437
