5.3845601962
5.94604487719
5.06718401113
5.15538636114
5.39006552216
6.48761667704
4.33400929756
5.81848530327
7.66522932757
2.82563783447
7.20395329258
6.54062008126
6.0611003331
6.53780885098
7.15206266701
7.67296021084
5.59223983308
7.49960101029
8.78210769062
5.72873091987
8.0069695084
8.42490574326
5.83415205535
9.26663494271
9.98074600095
4.91080932684
10.0417145576
7.6926388228
8.52066327464
9.72369413229
5.51170979904
9.14645484827
11.2422270215
4.9245433581
10.0744536769
12.2241077638
6.47886086606
10.8941030052
8.89991580951
12.1382481057
6.29768293129
12.9867711117
7.47731615359
12.8366045609
7.3291701746
13.336476445
7.51394999817
14.9563307588
8.34750905963
12.2152641019
8.48291665141
13.1375233354
7.61251875984
12.3941286284
10.9103261466
12.6270214869
9.40300889491
14.6273582488
9.91055309492
11.0285735203
8.78114133021
13.8342691899
11.0838610491
11.9411691497
11.6901497127
13.9304366924
9.2472198836
14.1934331418
9.1622094513
16.5927010506
11.1038324975
16.9507815074
10.3334089828
12.984662689
15.0768329734
11.2192686409
15.8008419049
10.1171199531
10.9018046049
16.3671583879
14.4752296936
10.3503642154
11.1452102932
16.8016398843
14.6387788718
11.3830520883
17.2298546799
11.2925948973
13.2717888649
17.4390863502
14.6370511366
18.0092097075
13.0571690033
11.0187634979
0.0
0.0
0.0
0.0
0.0
0.222907405656
0.0255745767521
0.188454869321
1.03297077461
2.01852517419
5.34089977616
6.49543806551
7.51398215581
6.63001986191
6.98665153378
2.56406570195
8.06698824049
6.34229326271
6.55960150068
6.16493584287
7.59620416785
7.58767930893
5.61253507362
5.924322961
6.43359500615
9.31610706517
8.29615057221
6.87174248873
5.60920583877
6.29185031054
7.34752041363
9.12876194079
7.17399665815
5.6191935433
7.63756738863
7.91147261894
9.91809325641
3.24363315363
7.11835808191
10.866723415
9.86008386141
8.31279674643
4.49169267631
10.2058198556
9.3400170245
7.98663261767
2.68306062612
10.4592452473
9.70038147483
10.1577981651
4.00264825499
11.1054194647
10.2333617075
4.7616129134
8.10512311233
11.0593146064
11.515318894
2.01191714745
10.5760711246
12.427731013
10.9780005675
4.86103597213
10.4443141335
13.4596929285
10.7698225039
8.58624799016
9.24669756297
9.47540590813
6.57967779564
9.23565055645
10.9642800845
14.5067877298
5.83095305653
12.3364292695
12.9037107097
11.3512784136
3.89934108894
9.97191588638
12.5290204609
14.7544626249
5.07239194174
10.1577981651
10.81708755
13.3741416816
6.59203631893
10.5396008701
11.2245657177
14.349405719
6.4671900123
10.6203600366
14.7646521013
9.17138623538
10.925792112
14.1868785271
7.09550742457
0.119852454365
0.0
0.0
0.0
0.0
0.0
0.0
0.0
0.0148806708913
6.9893015162
7.41099813498
5.1041834115
7.97871228024
8.29640496609
6.26055607145
4.05637187961
7.32778250318
9.03635611671
5.15799577055
5.98322265488
8.90850494346
9.37421283038
3.64575611203
9.45742846218
8.55529110645
4.00187281992
9.26562048865
9.83910916199
6.07383592537
11.3750712062
9.99005844759
5.41638249226
10.8159096052
9.05196294938
5.63559606396
10.2872125417
10.8992500917
6.76091112689
7.57249763947
11.3487268726
6.81668994686
12.0673903035
9.23284614004
11.1017955661
7.17521010698
12.1291933609
10.1530249943
10.0167149178
12.9389694808
8.07213478061
13.5421111363
8.19702065564
13.0883268695
5.74755948154
15.0623727068
8.83740021381
12.4757274735
8.87863346573
14.0949675768
9.58478021678
11.9204987944
10.8273650204
14.7440869613
7.94163044581
15.3418910799
12.8153633661
14.6431731812
12.0458528744
7.9183138378
17.2943682744
7.77757142077
15.0931181671
10.2724484779
11.5814559614
7.73970924471
16.2466503835
8.87794676509
17.783236701
8.21309569329
17.3164051222
12.5301953195
13.2748285199
14.2193540332
9.84825476594
17.4411349289
2.9611155764
17.4589267181
10.8706895879
9.44431872274
18.4805187711
10.1301765913
16.4995747138
11.1115342297
10.7149958252
15.8852897799
5.42627722417
18.836260915
11.3665810892
16.7959484662
13.2719880764
17.2002590734
15.5669103934
10.0822324013
0.0
0.0
0.0
0.0
0.0
8.06380301671
7.84528470241
5.17947355493
9.8219751465
7.47630195149
6.75698409436
5.37569490047
8.38478312087
9.04214267453
10.3544957366
2.34916210919
9.09347382562
9.37892314864
5.45373429111
7.90347337447
11.3408959893
2.91183975056
11.9155642667
8.83834196372
10.4086741625
6.97289574864
9.43322188191
10.6841379725
6.7884244244
8.89657073824
10.622259874
11.1938001594
6.66202146484
9.48703938563
11.8644737304
7.49366631744
11.6073768478
11.9948869361
9.97957782133
7.47281303731
12.386527578
11.5941831379
8.01664252164
11.0199158851
12.8571299671
7.91859200257
13.2106331677
8.64949947115
11.4909995037
12.216412935
10.5351172245
8.33256971562
12.9074585566
12.440024262
8.55140884961
14.5239085864
5.13520043712
17.10201565
10.0368842392
8.90828065708
16.7754212012
4.36599511753
18.2085628782
7.84323947686
9.3384597647
15.3691080711
9.41068429838
13.3788228925
9.51872033044
11.9965712395
5.0868368682
18.7724435934
12.5564417086
10.0257357549
15.3348605688
7.02129942002
15.6404413276
8.53917759876
18.3283489315
9.37182501291
17.5167954123
14.2774388563
9.92672277669
14.6093268301
12.6996877021
10.7383163984
20.134082581
12.3189950323
13.1448651304
9.74971051035
22.133430916
5.3724064986
16.2083723915
9.01302828727
0.0185273373469
0.0
0.0
0.0
0.0
0.0
0.0
0.0
0.0
0.011830226228
0.292661179698
0.0347736625514
0.256447187929
0.00905349794239
1.40006858711
2.74910836763
5.48463648834
9.07942386831
10.5367626886
14.363648834
13.5748971193
1.47345679012
8.51968449931
14.6978052126
13.1384087791
16.2482853224
5.0304526749
15.0890260631
12.5836762689
13.5825788752
6.93882030178
11.385048011
13.59739369
13.9478737997
7.57139917695
11.3624828532
15.1096021948
16.6471879287
8.13888888889
0.0769547325103
16.2728395062
16.431138546
11.0271604938
7.67181069959
14.1028806584
14.4146776406
5.54718792867
16.6562414266
14.2614540466
8.03648834019
0.116392318244
16.8803840878
17.4411522634
9.84807956104
0.0982853223594
17.051920439
17.466255144
17.0622770919
1.20514403292
17.3958847737
17.0577503429
11.7716735254
0.187174211248
17.5812071331
17.470781893
10.7171467764
4.17345679012
14.0032921811
17.9917695473
14.0448559671
1.31049382716
18.1399862826
18.4562414266
18.5473251029
3.73923182442
8.81968449931
15.7567901235
17.7747599451
15.1881344307
0.0995884773663
18.9721536351
19.1473251029
16.3104938272
0.214334705075
18.926611797
20.7281207133
16.5098765432
3.92722908093
15.8200274348
19.3942386831
6.90157750343
11.380521262
15.5537722908
15.7083676269
0.108641975309
0.0
0.0
0.0
0.0
0.0
0.0
0.0
0.0
0.0
0.0
0.0
0.0
0.0
0.0
0.0202331961591
