0.826619310216
0.100944013459
0.375455650061
0.202074960277
3.70670156089
3.53752687167
6.51817926909
12.5421067389
25.7459575661
0.456491260866
10.6470698196
13.7580147677
5.37377324984
13.6461351528
12.9808393308
0.265258435368
0.409664454622
12.6593139546
0.00616880082251
12.4054584541
3.24235909898
17.5737919432
10.9464435929
9.96934292925
13.2451630994
17.6337975512
0.164688288625
18.4217216562
15.5500514067
14.7632489018
19.6421160856
15.0954294794
10.7084774278
14.0196280026
17.9545751939
14.8495186466
16.8284886438
18.0011216001
16.2511449668
5.29638283952
28.7469856996
17.8857837181
6.18992429199
15.4345265913
14.8810169175
20.9179362557
17.022432003
27.82521731
6.69698102626
27.8303579774
9.66538928872
6.46294046173
27.965323862
7.36666978222
17.3641461819
16.9952331994
16.6444527526
5.3327413777
23.3859239181
16.2293672306
16.6570707543
22.1060846808
19.2717076362
16.6443592859
13.6090288812
23.7740910365
20.6638003552
1.52902140387
18.0271053369
17.7844658379
13.1189830825
19.2488082998
17.2720815029
17.0417796056
16.8018506402
13.9528927937
6.91915132255
0.0185064024675
0.0
0.0
0.0
0.0
0.0
0.0
0.0
0.0
0.0
0.0
0.0
0.0
0.0
0.0
0.0
0.0
0.0
0.0
0.0
0.0366389382185
0.0493504065801
0.605748238457
0.0739719694181
1.88251812913
6.95959794865
14.8656261505
9.27108500783
22.0350853161
1.88470989118
0.16273833272
0.251847158843
9.70793058279
3.1017542658
11.3957928442
8.06034194913
9.10170289638
18.8460715234
1.15149699061
12.4353729848
10.7985376838
11.1497675534
14.8076814411
11.2842869496
13.0170118407
16.5738307035
17.31601613
18.6179227918
17.1827295999
28.7819453601
12.3169493412
11.4707922021
12.0685268106
11.5055179322
10.3749796663
4.04243114357
11.1181239887
11.1355211
0.186847715345
16.0920540064
19.0996309963
9.23800309929
17.1804008527
14.2287822878
16.5592417873
21.2903656647
18.7425792587
25.3444405442
0.105821011806
0.173697143004
13.7326221522
8.4315716475
0.747664831637
4.61119339732
6.41816422805
21.9012508455
0.440681158552
22.002551348
5.67817056361
22.1670704874
19.3464097054
13.6283764694
24.6661586801
12.4924957834
22.5917928785
5.94015462196
23.4321966422
16.0928759172
10.4494310836
14.3146719634
18.792989786
14.3924110239
16.0851362574
9.00663521716
23.3640465407
12.367907809
23.5862364192
11.957157901
8.61170709155
15.7901387831
0.367325622212
7.62068817904
7.59767467744
0.143286444465
0.716089759505
0.0
0.0
0.0
0.0
0.0
0.0
0.0
0.0
0.0
0.0
0.0
0.0
0.0
0.0
0.0202053064614
0.0329449234168
0.00904101848443
0.230965379152
0.983781995334
5.07147217041
5.97370207474
0.20481577191
0.0231376105968
1.17235123988
9.55852571891
18.5404822617
14.533522724
17.5781493334
12.9542781191
22.3603785532
18.0249744722
16.6674767112
12.7983388382
25.1933439438
10.7198786074
12.5241558708
20.7414303561
16.0175699804
21.8864454446
18.4364771048
11.8179795663
14.3328142203
12.888470556
8.84468251388
18.3856838887
22.5583032419
23.4359351736
16.1297440373
19.2201895048
20.5093697055
20.5226042362
0.888356465239
23.5720682947
19.320589393
28.0491731271
10.7423316733
10.2513762201
9.33691578389
16.0193041603
4.26576306767
21.0371992995
8.8796855658
22.0202511138
31.8880541247
11.6301405028
17.4789816257
24.3090034741
24.2442911825
22.5121192933
8.95229293949
8.66624453077
21.987894968
0.144575838995
18.5838823952
18.39024752
13.3028026401
10.7887894398
17.0047290629
21.0695554453
24.2243024775
17.7353207948
30.4299739303
29.0200856822
14.1125733746
26.9400281804
24.9402449529
12.6481953691
20.1314553991
13.484572074
27.8842891289
25.7416186059
19.2477538377
23.6584578349
16.891961734
21.3966765355
23.1596985722
18.9866228558
19.1496357652
5.38216418804
22.4025921426
12.5896439797
22.5677499586
23.9224182682
19.7347845681
20.6531240908
10.1880786542
0.0
0.0
0.0
0.0
0.0
0.0194867055716
0.00246436089196
0.0
0.0
0.0
0.560869461818
0.129309456428
2.850325414
9.86341331938
15.9141319255
19.8775079867
9.64677717266
4.63180257953
5.24613347919
12.3024725122
8.29952357171
10.0767517262
11.4110680397
0.209723576462
17.1248464093
20.207662489
16.4947878269
17.2933482366
17.6833694024
12.8016996044
18.6318501431
13.5554868526
9.79986840749
10.2869192292
25.9286705193
21.5058939174
9.83151402729
26.9965674967
3.29038344154
11.5360650669
18.8377052169
13.9262289234
22.0702513734
21.1120676671
16.0821898262
19.196144181
16.3281251239
19.7081817245
31.6921686604
5.01789182462
24.1258848803
19.3064916328
23.3799614735
19.5924437363
16.5397512426
23.7428397029
22.7735578333
15.2316265944
23.4369109055
16.2323004114
15.8144387104
26.2592055301
4.40413168763
18.803459456
20.4277232118
26.5534654015
24.4829286467
25.3320332628
13.9531181875
23.7249558055
26.2828604723
10.6366064988
18.4561820733
13.7448532268
25.1078503651
18.4186385725
24.3061190516
27.6998105385
24.2921670749
17.3567663123
20.644739867
23.192814732
25.7392407271
23.4887234734
6.40655742903
32.1263922249
26.07827376
24.0885950518
22.3933030512
17.4322338224
22.1935361126
26.96086312
25.0803903383
26.1551364678
15.3804688181
22.8894860758
14.082491062
0.0460415229851
0.0
0.0
0.0
0.0
0.0
0.0
0.0
0.0
0.0
0.0
0.0
0.0416022576835
0.212285329744
0.928387617766
3.40302557201
1.41153162853
5.58673485868
0.186358008075
2.77168236878
9.04096904441
11.1310040377
14.1497711978
15.4643983849
16.5348694482
10.4201991925
13.7901049798
7.56647106326
14.1735450875
9.47152624495
13.914013459
18.5008667564
21.9771520861
15.3749448183
18.959935397
15.7551117093
19.9320807537
16.0555154778
23.7163499327
10.3033539704
20.002282638
15.6831870794
3.17846567968
12.0935881561
7.31193539704
18.2288021534
10.7575989233
18.8610928668
19.2957415882
17.1828371467
23.0111440108
9.43900942127
16.0548263795
20.4093243607
19.139230148
5.49913324361
13.7087913863
23.4917469717
19.9354831763
18.2829825034
23.9160592194
18.9738896366
22.5242960969
25.5450874832
9.66834993271
21.9973943472
25.7397577389
11.7084683715
22.5294643338
25.6885491252
15.5250820996
12.9730928668
11.3580619112
17.5261803499
11.3901480485
15.1252328398
17.3705733513
17.8907994616
16.3268479139
14.5580188425
15.8027456258
20.083294751
8.47668371467
11.8342288022
16.8105948856
20.3758169583
15.3516446837
21.1682368775
14.4483230148
19.7858196501
14.0470955585
17.607192463
16.257076716
19.9764414536
8.75439030956
17.8851574697
22.1459811575
20.8043930013
26.6793432032
12.8620188425
19.4563445491
19.9316069987
15.9135181696
9.22904979812
0.0
0.0
0.0
0.0
0.0
0.0
0.0
0.0127052489906
0.0292436069987
