2.48485382516
0.0
1.682289372
1.59601355149
1.60687905443
1.70835523551
1.74181871585
1.68045009596
1.62041029225
1.3885480759
1.83121401334
1.57471198011
1.85943515185
1.60165291767
1.80146959776
1.49029164071
1.69274974806
1.65937539563
1.61972967909
1.57429064815
1.83995665142
1.68090383807
1.52465450273
1.74561070345
1.65777919572
1.24723981992
0.495000227884
1.74350404367
1.80146959776
1.76719586365
1.65901888398
1.6868997159
1.75661394953
1.82347608992
1.64831543179
1.81120884797
1.6952777398
1.46770176585
1.74266137976
1.79173034755
1.49376762935
1.68258916589
1.68343182981
1.75450728975
1.50953516755
1.73929072411
1.71812689587
1.77819910973
1.54175895963
1.70459565805
1.23497257797
0.589346175855
1.67716046569
1.59713980422
1.77524978604
1.55312681991
1.7845677043
1.62972010797
1.72828747803
1.76593186779
1.74139738389
1.71896955978
1.69825947364
1.72997280586
1.69190708415
1.71545305845
1.69485640784
1.80146959776
1.60350029625
1.75534995366
1.57302665228
1.61725030258
1.80146959776
1.84843190577
0.716053659055
0.859695445867
1.64616015678
1.65226136761
1.54313639103
1.74350404367
1.69791106452
1.79004501972
1.60350029625
1.69728716913
1.65217223969
1.69485640784
1.48588386025
1.6952777398
1.72997280586
1.68307531815
1.71602023609
1.60035651165
1.60725177116
1.76335526083
1.70965164152
1.63289630271
1.61836845277
1.08285553682
0.0
0.00312757951881
2.01057064315
2.35652981526
0.738527644433
2.8370949754
0.0
2.87039585828
0.0
2.83340979705
0.0
3.03211103278
0.0
3.21043188947
0.0
2.96118253942
0.0
3.11464709195
0.0
3.01334198679
0.0
3.36389644201
0.0
2.76327205046
2.53346313516
0.824226690687
3.38493329007
0.0
3.33975628588
0.0
2.95100726965
0.0
3.08194299909
0.0
3.09671355198
0.0
3.059294818
0.0
3.05284948583
0.0
3.31484030272
0.0
3.04379319734
0.0
2.81004546794
0.0
3.10214434113
0.0
3.23069291051
0.0
3.11504992521
3.34285959396
0.0
3.08650844271
0.0
3.00744868538
0.0
3.31949526484
0.0
3.02371121331
0.0
2.89053752131
0.0
3.36389644201
0.0
3.059473855
0.0
3.22603794839
0.0
3.04455410461
0.0
2.802928747
0.0
3.11852622706
0.0
3.31484030272
0.0
2.90979891906
1.96555775622
0.955878568152
3.14421803723
0.0
3.17481844529
0.0
2.95758687957
0.0
3.11684029526
0.0
3.12168921414
0.0
3.31023009985
0.0
2.86656148243
0.0
3.20810440841
0.0
3.0859713317
0.0
0.777080279447
0.0
0.0
0.0513719061384
0.98273984639
1.00692491654
1.67163485125
0.687486431369
1.86410342759
0.708245796075
1.48802798001
0.784349791193
1.23292574732
1.64448904167
0.948927244786
0.52905610191
1.39216292956
1.33925253295
2.16274152164
1.47134390561
1.38852525432
1.4028297968
2.91376419044
1.26607508859
1.33212761266
1.38101742084
1.38318498297
1.38781412984
1.40314433263
2.95342305582
1.44957255607
1.42207118424
1.41838564486
1.47778505237
1.48205179926
1.4481503071
2.85140404349
1.44921699382
1.51097542005
1.24467981449
1.46241382317
1.48955963275
1.26429727738
1.45860520454
2.88466962627
1.36279485597
1.45708038955
1.45063924279
1.44882724291
1.35817938457
1.43433808157
2.82916772794
1.42029337304
1.39092529945
1.40656320033
1.3806618586
1.50919760884
1.4122727094
1.49955640192
2.90376742127
1.42207118424
1.44912126553
1.40581788717
1.46028044972
1.46956609441
1.41744887511
2.93126879309
1.13696496857
1.46885496992
1.4806295503
1.49027075723
1.25927837959
1.43993134914
2.79176531525
1.38959194105
1.46885496992
1.4518768729
1.30997334993
1.4070965437
1.48027398806
2.8020287561
1.50133421312
1.45742911405
1.38014219071
1.43779797569
1.36951634988
1.44992811831
1.46885496992
2.97947482773
1.43424235328
1.44992811831
1.428512331
1.48169623702
1.51133098229
1.43211581756
2.88808165624
1.45840007248
1.52026106474
1.32925576378
1.44104590001
1.36853171598
1.44028691138
1.30440720987
1.46675907914
1.43190928194
1.3303188994
1.41929277308
1.45683689735
2.68179199897
1.43271690139
1.36271190467
1.34839871629
1.43024653602
1.32535102178
1.40863762573
2.65818100686
1.47879871697
1.42707035197
1.28780689751
1.37180610686
1.46887653518
1.43625956821
2.72305524473
1.4128725378
1.37497550419
1.44903217159
1.41926562621
1.42978503919
2.84951216222
1.52911544462
1.39385615381
1.50927108103
1.41110799111
1.52876253528
1.33420768884
2.84986507156
1.33918235318
1.35210426435
1.43396565751
1.38169435506
1.32818108321
1.89270707761
2.28744974647
1.32180835496
1.41961853555
1.33777750254
1.43840417112
1.46675907914
2.87646900633
1.27381268489
1.43840417112
1.48891092687
1.4001270813
1.41750107951
1.45895435338
2.92561841847
1.31805529988
1.49793726188
1.44903217159
1.48021035433
1.4972314432
2.46093183336
1.6187679901
1.43946289913
1.36789017054
1.37675362432
1.42989362668
1.43273726154
2.78436645563
1.45966017206
1.45273093293
1.33137762741
1.40295035601
1.42848198932
2.0177727179
2.19570689183
1.51742871613
1.1712653751
1.46958235385
1.38742913182
1.41040217243
2.94234089176
1.40934344441
1.40793180706
1.30552701835
1.40863762573
1.49934889924
1.44726762489
2.84068942875
1.30976871713
1.37992980837
1.36707576438
1.41785398885
1.27043289929
1.42685996371
2.79280234617
1.27299827872
1.37992980837
1.43769835244
1.2453966964
1.29312768447
2.83475105046
1.08707780032
0.118740742643
2.62147449893
0.0
2.35928047329
0.0
2.9870392726
2.76459901198
0.0
2.94769647
0.0
2.92991549585
0.0
2.96273769467
0.0
2.72454387452
2.81691452838
0.0
2.90407965822
0.0
2.76174967251
0.0
2.90692899768
3.00706684133
0.0
2.56539182698
0.0
2.78533891557
0.0
2.82753105763
0.0
3.00777917619
2.64799527393
0.0
2.93057303573
0.0
2.92909357101
0.0
2.98561460286
2.39971917568
0.0
2.93051824074
0.0
2.73237955804
0.0
2.62647454173
3.02923141465
0.0
3.09358813004
0.0
2.71776299455
0.0
2.94413479567
0.0
3.02851907979
2.73200969186
0.0
2.67868046815
0.0
2.75047560339
0.0
3.00492983673
2.59033724604
0.0
2.56289865495
0.0
2.94923072972
0.0
2.71157116071
0.0101096755965
2.77821556691
2.51277493814
0.0
2.95988835521
0.0
2.81258572419
0.0
3.10221834091
2.6837764022
0.0
2.67395440029
0.0
2.89624397469
0.0
2.55900821069
2.99994349267
0.0
2.89260010788
0.0
3.04640964392
0.0
2.48680211303
0.0
2.92344968707
2.87129855564
0.0
0.21707035163
0.0
0.0
