1.04129186448
1.22508868006
1.7538239511
0.765558938332
0.997565029424
1.34194213253
1.94586510577
1.32016668814
2.03137498861
1.84214059572
1.40745279037
2.24195752783
3.216046299
1.63167535401
0.0
1.80205836179
2.28267651966
0.971357414931
0.704991532586
1.38824113435
3.65053302291
1.64012077454
0.793768988843
1.97095839395
2.5395580607
2.03574850996
1.87371038198
2.19641258141
0.397806117693
1.2500898059
1.36101973426
2.38632562416
2.27533704706
2.53567048617
2.29909817068
0.969614709107
1.85548737638
1.66478676465
2.05857125352
2.72089162862
1.9577289108
0.976652559547
1.20618702459
1.8110399995
1.60474719769
2.18897256809
1.63871320445
1.98681869261
2.35619692157
1.64079104601
2.03571499638
1.77494588082
2.19188824899
2.17720930379
1.08098031392
1.62824021273
3.10647367038
0.0
1.48026102885
3.08991796506
0.550963148684
1.60698422872
2.49833636526
1.94547132128
1.77001938551
2.3626063925
0.984486357357
2.16413901011
2.22205046516
1.08912411228
1.8050913402
0.0
2.05223718813
2.07257992725
1.18574374474
1.53685707613
2.91382089299
0.311768396072
0.512958756311
2.99732833981
0.945551963319
2.14096437402
1.16368343497
1.39842088231
2.20520151607
0.0
2.20712854655
1.51266027605
2.17117686055
1.51998299186
1.2644001018
2.10653755562
1.24006924742
1.44808799827
2.16115630207
2.40671025526
1.57176146295
2.40368565525
0.0
2.67743011945
0.645941318612
1.26838593485
1.23811456235
1.92873516574
1.07562980117
3.03122888156
1.0729467635
1.5094971149
1.52581669151
0.648436543644
1.86351722762
3.45693305318
2.21431098754
2.12786351387
0.885335354555
0.9852718001
1.23722915992
2.3430028893
2.80288896081
1.122770773
1.15738866651
2.16166978849
1.32977383669
2.17710396268
2.54239283361
1.28037240563
1.48175450541
2.04066478966
0.830748953196
1.37358113422
3.90368565531
1.4190586227
1.1600448738
1.75873119149
0.687233268326
1.9131265941
2.22737738099
2.09593536562
1.34938013445
1.140720295
1.89364103304
1.35686580955
3.07193727058
1.24463434389
0.0301841737669
2.55516409291
1.54192162512
1.45326735297
3.86252785748
0.525607079195
1.56142060137
1.55418981485
1.48192219526
1.75583351081
2.2160817924
2.45844058497
1.46871494234
1.7600995407
1.8833314608
2.09207179138
0.0816180058658
4.55795109828
1.54725416248
1.27889673491
1.74553064616
0.950600245833
2.47952926104
2.25395286909
1.88284851402
0.821170508721
1.60212899039
1.97586942997
1.47448347333
1.98496492767
3.29656789175
0.83734922586
1.82743707857
1.69659203909
1.17997313609
2.42399038131
2.10185817128
2.6093614538
0.884718255891
1.85891581802
1.30894675679
1.17718277691
3.23496534689
1.56603542616
1.73473141954
1.75623596646
0.0900695745205
1.59732635296
2.85070739965
1.04829635493
0.887736673268
1.491661622
1.284316471
1.05845836009
1.67350685379
1.32650946475
0.439515339426
2.46227154047
1.49634464752
2.29659758486
2.04908616188
1.32738250653
0.846059073107
2.36602480418
1.09131853786
2.07287859008
1.24856396867
3.04710345953
1.61312826371
1.04925750653
2.27986292428
1.39347258486
1.35955450392
1.76758322454
2.01080287206
0.151468668407
2.66093342037
0.15068537859
2.06928851175
2.21002774151
1.87467362924
2.65189295039
1.60975848564
1.59996736292
1.57020234987
2.14629569191
2.1940926893
2.61883159269
1.55091383812
2.99167754569
1.09587140992
2.18009138381
3.13613740209
1.17708061358
1.73195169713
0.462761096606
1.33834856397
1.22575065274
0.986194516971
2.64539001305
1.66165143603
1.78599869452
2.37229928198
1.60035900783
1.55252937337
2.13828328982
1.64585509138
2.64761749347
1.56246736292
1.61020724543
1.89761749347
2.40731070496
2.66615535248
0.599738903394
2.46566579634
1.57842689295
2.40017950392
0.0
0.716906005222
3.15518929504
0.745789817232
1.87118146214
2.29308093995
1.4588772846
1.5652823107
3.21618798956
0.645528720627
1.64242819843
1.28371409922
1.63085019582
1.61758322454
1.52944680157
1.84643439948
0.862597911227
1.98593342037
1.60265992167
1.52276436031
1.64667101828
2.27161390339
0.0
1.03832408616
2.53834856397
1.23459530026
1.4046997389
2.13081755875
1.5555156658
1.65423466057
2.01432767624
1.57491840731
1.54484334204
2.08540306789
0.473058093995
0.000840404699739
2.39211691001
1.82344418791
0.0
2.43318624759
0.0
0.913739836861
2.09871724476
0.0
1.16730065692
0.0
3.3591383907
2.27680786457
0.0
4.16202806317
0.0
0.50664532049
3.75869117949
1.04853829411
3.65376854835
0.0
3.06114753339
0.0
3.46236744091
2.71999682454
0.0
2.71279910558
0.0
2.63976342791
3.12650917246
0.0
3.46300253376
0.0
0.670181729173
3.62955563347
0.0
4.3430295252
0.0
3.44855417144
0.0
2.63341249942
3.4674217215
0.0
1.69220489683
0.0
2.9194689036
2.91220502914
0.0
3.36869124564
0.0
3.31327939454
2.05722451194
0.0
4.02278395597
0.0
2.65582598456
0.0
1.41021044066
2.45889427689
0.0
1.42893244861
0.0
3.24281055048
3.9277978817
0.0
2.89681725865
0.0
1.46373024431
1.94132006695
0.0
2.51830192049
0.0
2.46187127462
0.0
2.25323004254
3.69004822736
0.0
1.6428264278
0.0387406638043
2.97693157536
2.18868873173
0.0
3.54746988271
0.0
3.33893449943
3.54361963231
0.0
0.725752353482
0.0
4.28313233086
2.1225067644
0.0
3.49995699892
0.0
1.16539537838
3.28739936094
0.0633505117128
1.97156636389
0.0
0.0
2.20033915328
1.53804049889
0.311154800707
2.36522664357
1.73184042233
0.705356967775
2.04571663394
4.02067658436
0.424785642
1.45211484831
2.0836595133
1.33746092022
1.09529627315
2.89697260088
2.46211296413
1.97815880183
1.48672246468
1.65257165657
2.24994522223
1.44227957382
1.02292311247
2.8523728367
1.62548031794
1.35055643134
1.3749468208
1.70241644578
1.82951793002
0.926691567463
3.14445047876
2.36059547062
1.19250998149
2.194725817
1.35535811875
0.576693571008
2.14531754483
2.61427325455
2.12727711414
2.33303351206
1.80333372836
0.493291534553
0.914312217106
2.41734268548
2.37773558492
2.64826701884
1.79266634326
1.33696983855
1.38877895442
1.70459221039
1.40334771054
1.90015866371
3.3647756328
1.35039273745
1.65199872796
1.87593878872
1.35194782939
2.22348137684
0.814622638694
3.57456299273
1.36897199385
1.45115314672
1.62605324655
1.4516374078
0.869350962256
2.54636757292
2.19655373209
1.45703930614
1.7941259471
2.54601290283
0.560760699143
2.51570907163
0.916440237663
2.70746282145
2.57085345049
1.11697889287
1.35552181264
1.8221585256
1.00505319625
1.78966528863
2.64725757319
1.79862752905
2.23772274518
0.841877671216
1.78881271629
1.340734798
1.33917970605
3.9861917384
1.61729562349
1.06630199306
1.32377883933
1.87503165175
2.15271105215
1.09129259345
2.86693477225
1.76568413388
1.36572539839
1.74752775336
2.29171444624
1.51089459563
1.08963519282
