0.176890899265
0.0238976842864
1.03176350499
1.71815143206
4.53567640054
5.32169805656
9.62208033945
11.7767147689
15.3576846867
0.261553549627
22.8931809539
9.35015911775
26.0756960151
0.510377679483
37.4551968457
1.54610411705
9.31953645698
22.8606368713
13.2659367932
24.9651141845
9.77563396914
31.968656806
0.848067570002
24.6677741529
15.146528431
12.8939014871
4.55312931569
12.0831815544
1.49194403859
12.0351860377
7.75966214999
13.579568881
3.34243340072
11.5302123571
8.4691471689
12.1370614255
7.12935572324
14.0680903869
7.76430558613
9.52516862478
12.6857074235
5.87286592078
12.2891339591
11.8435642375
6.65208254108
11.4741308568
8.76568660809
6.16896503413
8.03170346056
11.6715969818
5.43105898365
16.1736484999
6.96083101495
8.30182334928
13.5409002662
4.98516902508
12.572263475
13.4224926446
5.82719212217
14.3559834277
13.2148589957
8.87032403979
6.79590897264
7.83331665432
4.20791385625
8.84790745151
17.7225546905
3.35588335368
9.08760482757
18.3222784861
6.48840141705
10.5901166863
10.3358084983
14.8567940276
9.59165782679
9.60815003102
7.94123651502
5.75798090587
0.1663631087
6.73274222925
6.55220863439
7.02655965414
8.04915637572
5.60078458059
1.42561495507
2.86532033705
5.65186237816
4.50701519124
4.63607069231
5.88395412605
4.15951804335
0.0955907371455
0.0
0.0
0.0
0.0
0.0
0.0
0.0118087384665
0.0705772432711
0.0679739188418
0.351895994793
2.57227619196
1.47463156172
1.06880043442
0.882511010226
0.283650563588
0.429085362689
0.876537738222
0.396759420082
0.633390430786
0.955883233712
1.4354060108
1.60869478417
1.71913643097
2.15456240592
1.52098031935
1.79674105307
1.94850049311
2.12121429912
1.6374431521
1.69347052693
1.78830819848
2.28514388159
2.66906236399
2.39563344234
3.21001082057
3.71000882415
3.99410658457
3.5064703792
4.68892269484
3.99262125223
0.737731035061
2.41221166784
3.13865098283
3.85228130278
3.2227080164
3.88388853619
4.15008245192
3.24759132598
4.70789661767
3.8385140288
3.75768320097
5.79129483448
4.41006352591
6.09602753455
5.39233137285
5.44152302465
6.47346166285
5.4257273936
6.26509988061
4.45975028848
2.05562010629
7.37229535754
6.52334008121
9.08870069355
6.42190625636
8.27031451513
8.26705636677
7.8170964947
9.2645448774
7.23444693331
7.45825297765
4.61079101933
6.37319374404
4.84156055724
6.8600952689
5.30856182297
6.83434950828
6.06512303902
6.69322696437
7.97968448666
6.45443982607
7.00506689985
6.54563603768
9.26965569837
5.76162013025
8.50290478301
2.89500856462
5.59903213828
5.06726718813
5.53683983566
5.79131080579
5.62266968525
6.86041469521
6.17751318632
6.99077257246
2.73903269728
3.77926044823
4.34866978906
4.21797651418
4.40159872868
5.9420001677
4.91755207647
5.7256527277
2.38411812385
0.0
0.0
0.152443047309
0.0697877992092
0.787674156867
3.87203270333
3.59184659103
5.54073039159
5.6333208281
5.30325179062
3.36661448968
5.14963583912
5.67623532253
5.95655942355
6.63491201063
2.89172628211
4.44944653584
6.25930669288
5.50844102922
5.88273545405
5.93965580437
1.54564624002
7.75641539782
8.06868388938
6.48533222942
6.79849764772
4.4986050202
5.63228591264
6.36500605857
7.62187638797
1.61384716886
8.162999185
6.05529035847
8.5083849713
1.29478273244
8.44632454086
6.92662018171
9.48782896297
5.53772913675
6.30456699568
10.3011345261
3.22986766019
9.460162223
9.76691116544
5.16695342449
8.4301453625
7.83969159519
5.54911320681
11.2097213059
6.1185236931
6.0797833577
11.6751572856
9.51601316067
6.15657408485
10.4156651704
7.2632091866
0.198013824746
5.19044600544
5.48670780456
8.83100261747
4.07577306029
8.22875081392
5.52934632152
3.49111481956
4.85996300177
4.46762655076
2.46537560963
5.03244891183
4.99236318633
3.75143055502
5.11041254318
5.3169126747
3.8561639996
5.92502899919
5.30780541864
5.00830088442
5.98257029879
6.41150825992
1.14934261308
6.8259574046
5.81932963351
6.08502692936
6.58613299526
4.8535810231
5.70059033303
3.08832572239
3.25818984662
4.23466708063
4.5068498467
4.69416954503
2.50539234076
4.96876711384
2.9732431232
5.30097497661
5.38714893727
4.57839700219
0.749727256655
0.0
0.0
0.0
0.0
0.0101766686934
3.64410987175
3.39717949978
3.64315070513
5.06993464695
3.99753918726
5.97126824235
5.09762468675
6.00894304948
5.26121763058
5.89032086875
6.08784629748
5.40186919562
4.13963736426
3.80037541153
4.30712987077
4.68406663063
4.19107070906
4.75891307552
5.58882806742
3.22880644686
3.10339147953
3.47677460567
3.62860596531
3.75307749005
4.61425187951
3.88773819468
3.07442779225
5.54140435359
5.34477519532
4.78471623016
6.60491572896
4.92697164758
6.06504643506
5.9641295268
7.40960935581
5.73499877156
5.42852144858
6.12592992973
4.74557908702
3.34832489804
5.19544395853
4.16707581937
4.65738292959
6.58268193209
5.01023045551
5.60181612697
6.56338853128
5.88587096457
6.97436784433
5.80805267554
7.6185189917
6.18684487249
9.04943835684
7.25015183529
7.90543560513
8.48535403666
7.52750823055
10.2882413641
8.54552994939
7.95916466021
8.29759323866
11.3611871652
8.94242051988
9.79068547
10.9943137929
8.36723502531
8.27625571225
4.65040145447
7.15657805513
6.70388285588
6.26140828461
5.61798044322
3.78282737949
4.6262650484
4.96731954204
3.61616824726
5.67317183431
5.54042946293
6.16294432706
4.1969672252
6.67249766596
5.03902117832
7.53876664537
4.35022947275
6.94512112427
7.07577219793
7.10865117193
6.62977544101
7.33888261019
5.66637904771
9.18111149329
1.89534470051
0.0
0.0
2.46604884281
8.40231536534
0.0103778684094
0.0
0.0
4.72544495535
6.12222567677
5.72359586108
6.33458242651
5.57938832616
7.26553321006
6.31389875254
8.03769097762
8.49313544206
8.92263804116
8.326847867
8.34722608587
5.26860957929
8.44365171573
4.96078720143
0.0
0.00787637795705
0.0
0.0
0.0
0.0
0.0
0.0
0.0
0.0
0.0
0.0
0.0
0.0
0.0
0.0
0.0
0.0
0.0
0.0
0.0
0.0
0.0
0.0
0.0
0.0
0.0
0.0
0.0
0.0
0.0
0.0
0.0
0.0
0.0
0.0
0.0
0.0
0.0
0.0
0.0
0.0
0.0
0.0
0.0
0.0
0.0
0.0
0.0
0.0
0.0
0.0
0.0
0.0
0.0
0.0
0.0
0.0
0.0
0.0
0.0
0.0
0.0
0.0
0.0
0.0
0.0
0.244440444437
2.92466713576
3.83487969978
0.0612001112729
0.0
0.00393818897853
0.0
0.0
0.0
0.0
0.0
0.0
0.0
0.0
0.49615726574
0.00170182127604
0.0
