0.248123050732
5.87776056179
0.0
0.0
0.0
5.88885268359
0.0
0.0
3.57990916164
7.44675050041
0.0
4.47102947924
9.18677723322
0.0
0.0
7.91336441078
0.0
0.0
0.0
7.52947591719
0.0
0.0
7.37857518104
0.0
0.0
0.0
6.69791257972
0.0
0.0
5.68171994387
0.0
0.0
0.0
7.69146877515
0.0
0.0
4.68834994713
0.0
0.0
0.0
7.07142714644
0.0
0.0
5.58572122067
1.71528890721
0.0
0.0
8.87125025769
0.0
0.0
5.93247637604
0.0
0.0
0.0
8.23466354562
0.0
0.0
2.35610498946
3.38269815198
0.0
0.0
7.96206866742
0.0
0.0
0.941526962235
7.3701696403
0.0
0.0
5.16382159506
0.0
0.0
0.0
6.67125956762
0.0
0.0
6.51575706391
0.0
0.0
0.0
10.4472093472
0.0
0.0
6.67189796312
0.0
0.0
0.0
7.21900290603
0.0
0.0
7.98215152583
0.0
0.0
0.0
3.13978866449
0.0
0.0
0.0713406970481
0.0
0.0
0.0196306616038
0.21332955278
0.0
4.04714763874
0.0
7.20976977757
0.0
6.30626471702
0.0
0.0
6.64796769399
2.13917901438
6.76696652659
0.0
5.66402544785
0.0
4.62045087532
0.0
0.151482058246
5.03445694045
0.0
4.08925355479
0.0
5.2831051341
0.0
0.0
5.19921228621
0.0
4.89128619308
0.0
4.45789297637
0.0
0.0
3.54364878066
0.0
5.64846610682
0.0
4.9010683756
0.0
0.0
5.6027982004
0.0
4.8561979297
0.0
4.8306791927
0.0
0.0
3.60062290528
0.0
5.16524046758
0.0
3.38881738818
0.0529513792744
0.0
6.42871921193
0.0
5.05130993968
0.0
1.73020581127
3.37345298195
0.0
5.19643003502
0.0
4.53719599586
0.0
0.972086666238
2.99675034834
0.0
5.21344252635
0.0
4.84861319398
0.0
0.358680025607
4.37851907149
0.0
4.71708537037
0.0
5.79360392351
0.0
0.0
4.99988259609
0.0
3.44701428562
0.0
6.03729014051
0.0
0.0
4.74499648896
0.0
2.28646111383
0.0
6.22113137498
0.0
0.0
4.56072994221
0.0
2.25876265138
0.0
0.00699993132979
0.0
0.00607842138258
0.136702378179
1.473665239
0.0
2.77727543999
0.0
3.62980859967
0.0
1.24042785804
5.78070150084
0.0
6.84419159416
6.96405441571
0.0
3.23305885173
0.0
3.44624655056
0.0
3.58128945708
0.0
4.5671380405
3.13177667184
0.0
1.84157826636
0.0
3.70576343347
0.0
6.15099491787
0.0
3.7424758433
3.45825731672
0.0
2.97035904778
0.0
4.24366348771
0.0
3.97738629814
0.0
3.63987424741
3.49556822452
0.0
3.36661911555
0.0
4.65702155443
0.0
3.73547069655
0.0
3.26910475245
1.84013643033
0.0
4.6325375464
0.0
5.05149973051
0.0
3.96140368178
0.0
2.50927076762
4.32856858668
0.0
3.90509046331
0.0
3.22428541552
0.0
4.04073186781
0.0
3.73476338077
2.99334681087
0.0
3.55318725675
0.0
2.67068839169
0.0
3.1594844076
0.0
6.17615903723
3.60052300562
0.0
4.09214828467
0.0
3.70765414298
0.0
3.75331681796
0.0
2.6913909807
5.11568863823
0.0
3.26573140023
0.0
2.84145074549
0.0
2.56067358227
0.0
6.18096062325
3.37389630683
0.0
3.54771916163
0.0
3.65203463807
0.0
1.52459197571
0.0846099376522
0.0
1.47595032901
0.0
2.78494326523
0.0
1.89126267249
0.0
0.0371668883094
2.60727793993
0.0
0.0248009533514
0.0
2.63703562978
0.0
2.75820797568
0.0
0.425623046234
4.98556156198
0.0
3.7697103677
0.0
4.16303690783
0.0
5.38417298492
0.0
0.0
7.49367023022
0.0
8.65729434725
0.0
4.73174901988
0.0
0.0
4.09623322568
0.0
8.99095006995
0.0
5.66140481166
0.0
3.93823940865
0.0
0.0
4.25198183106
0.0
5.94996632183
0.0
3.99424880399
0.0
3.71193934474
1.67846842023
0.0
2.74254330668
0.0
4.74432220514
0.0
4.22079065992
0.0
0.201032797361
4.28096233226
0.0
6.67418524723
0.0
5.35425985734
0.0
2.33322395123
2.3617554101
0.0
4.678986546
0.0
4.46342895632
0.0
4.82597882593
0.0
0.0
4.75095421495
0.0
4.56389354243
0.0
5.24353638106
0.0
2.23077321635
1.77237007996
0.0
4.77028030604
0.0
5.09939379285
0.0
3.94017374484
0.0
0.0
3.45517348578
0.0
5.41121914993
0.0
1.62719124022
0.0
0.00682198925753
0.0
2.85967786621
0.0
4.48705205515
0.0
2.23078843766
0.0
5.80020043576
6.05796219084
0.0
3.01999911069
0.0
4.13520178682
0.0
3.76274699603
1.13415172235
2.21766776234
3.9140930966
0.0
2.95581862274
0.0
5.30173790801
0.0
3.1550640813
0.0
2.82782705062
3.72647701659
0.0
3.42299128139
0.0
5.33948550261
0.0
4.00176492921
0.0
3.19668357487
3.24180556363
0.0
4.20530641702
0.0
3.41706713914
0.0
3.85839521417
0.0
4.11259974757
1.51134035429
2.4645115832
3.67761994507
0.0
3.73099195179
0.0
3.61539592903
0.0
3.78118982224
0.0
4.01444779264
3.60512103105
0.0
3.00017444068
0.0
4.54491163383
0.0
2.90604488256
0.0
4.15770805471
3.58587098915
0.0423035746657
3.8127670054
0.0
3.91944261073
0.0
4.1106706389
0.0
3.51673775409
0.0288271771736
3.08315347701
4.40171977986
0.0
4.1551906363
0.0
3.20961270749
0.0
3.42464675763
0.0
4.52211805187
3.63679398556
0.0
2.79427971392
0.0
4.34931916829
0.0
3.68944086632
0.0
3.63766960936
2.96486217476
0.0
4.79714601369
0.0
2.67375830731
0.0
0.448962420005
0.0100970369028
