1.41105293775
5.33157520522
7.6873634542
11.9632344386
5.68640682567
14.7231336048
17.7699696206
27.9084739189
3.21618512055
37.070906858
40.9773641006
0.262788442893
38.9706677009
41.8240579148
0.139926313748
36.9496994377
0.177467519876
38.3644237606
0.191118867559
41.5296231659
8.65712623618
35.9121970138
41.5281235861
0.153577661431
11.3127787473
32.3308900524
29.5671126624
0.105797944541
35.8769310323
11.3947385431
25.7184668089
37.2083511085
0.194531704479
41.3679270894
27.9223321052
0.167229009114
33.8788184345
0.180880356797
40.5829745976
0.136513476828
19.1944670674
14.2802921595
47.7102708293
0.0955594337793
0.129687802986
0.896386788184
41.6275612436
4.91195139293
42.8922241613
0.136513476828
6.11988882425
34.7029668412
40.3579859091
0.221834399845
38.0224678431
0.315170318661
42.7547282012
36.4829681339
6.90106651154
36.1197078405
0.191118867559
34.7688449357
18.8574235667
19.7634800595
32.864326805
0.194531704479
31.1319501002
0.167229009114
29.1877706677
0.160403335272
33.0643914421
0.194531704479
39.522513089
0.0887337599379
0.553603516256
21.342847909
12.7921401332
7.56594919527
28.5393833624
8.52423243488
29.0175424989
10.7490401396
33.5112662401
0.195669316786
33.5643203413
9.61701247495
0.0307155322862
0.0
0.0
0.0
0.0
0.0
0.0
0.0
0.0
0.0
0.0
0.0
0.0152543468425
0.205072463768
0.975555555556
1.90512077295
5.52289855072
11.0590338164
15.4507246377
6.97618357488
25.5914492754
9.88661835749
25.7388888889
25.8094202899
8.84729468599
25.864057971
9.12700483092
34.2806280193
9.86550724638
20.7436714976
26.1565700483
5.79719806763
26.4614492754
11.6312560386
31.2128019324
15.8083091787
27.1780676329
6.04729468599
22.4026086957
8.80927536232
10.0992270531
13.9894202899
13.7376811594
14.1154589372
13.4363285024
13.7520772947
16.3973913043
8.05893719807
21.1495169082
16.7681642512
14.0918357488
14.1683091787
7.56149758454
16.3982125604
23.9093236715
7.93816425121
20.938647343
11.6605797101
14.5860869565
15.1920772947
4.18956521739
15.7280676329
15.914589372
14.1351690821
10.5397101449
12.4787922705
15.0097101449
14.8362318841
1.03893719807
22.1568115942
7.11603864734
15.2276328502
12.1682125604
15.3910628019
15.1297584541
8.56570048309
23.184057971
6.11367149758
15.8595652174
10.1129468599
6.65309178744
15.8218357488
16.2373913043
0.17
25.5463768116
9.51599033816
16.0624637681
20.3744927536
7.62729468599
15.7979710145
21.8246376812
0.275458937198
16.7981642512
18.026763285
3.5390821256
20.0238164251
19.53352657
0.16690821256
21.2515942029
11.12352657
16.742705314
9.40608695652
3.90149758454
0.0
0.0
0.0
0.0
0.0
0.0
0.0
0.0
0.0
0.0125362117135
0.351921153826
0.0108867101723
0.0309281538985
0.308044412829
0.127011618676
1.66467695543
2.91846307694
4.07905236136
7.86284394684
8.70573923443
14.713553748
12.7358014
13.8551531459
0.266724399221
34.1050938669
0.120413612511
30.3563541892
0.136083877153
24.8745657172
21.2398065959
14.8893081372
0.252208785658
34.3556531511
6.80089485459
27.4657676883
0.265157372756
34.5998618542
34.2002701059
0.163300652584
31.2075794596
24.1653625295
2.49256177899
26.7707502139
12.9685460675
16.009649584
0.125197166981
35.2004453654
5.70562583119
20.5025618821
0.243383952412
35.3665501706
17.0850421138
0.0762069712059
26.7653068588
21.848802565
1.41048876793
31.2078268848
15.0815575418
0.607016567181
35.6229651852
17.4074371901
0.130640522067
35.5957484098
22.5674903865
5.20030103403
17.9621645584
20.4473860555
17.1486303983
9.1315580573
28.330188971
17.3796430891
0.136083877153
36.5706862957
21.4294992732
1.89404014474
31.2404045403
27.2017649666
12.1296095836
22.4153238693
24.6460272786
22.0090516397
13.6067382138
26.5218404313
25.3445087063
4.75435829235
32.8936999351
11.4990051444
18.658501634
0.0272167754307
0.178063691378
37.4980360622
0.952422189919
16.6669759482
9.1096196868
29.2669408963
12.9439684945
0.0979803915504
0.0
0.0
0.0
0.0
0.0
0.0
0.0
0.0
0.0
0.0
0.0243301477335
9.95695056761
12.7343333027
15.5777039745
1.99804244711
27.2569664623
21.0543681036
16.5749516886
30.4348946351
6.96761672118
29.1150020496
7.01426336615
10.9439587743
28.881032651
4.42427030961
36.1696211215
16.5886043652
18.2022971967
22.5033587927
2.78655144432
36.4671022361
25.3874197947
0.225269163523
36.6406384634
22.2445602617
7.43642554188
30.8652216469
17.6839639609
30.8434710592
21.9248600852
0.167847612036
36.9519061044
15.5020119294
25.3635276107
14.2624961309
9.93774312556
28.924132277
26.2879610497
0.632373240085
37.3604156035
18.5990948409
7.41434032977
30.2165856597
9.35542969959
37.6314613885
7.64168416474
30.8838936898
18.9641700896
0.201912378594
38.6418263801
4.02633494232
36.0808787237
4.51635895162
0.0795067635962
37.7230146315
15.7282180413
27.9602800806
0.821703740265
41.1165078595
10.2881618244
38.3337042087
6.71838844876
28.9241992019
15.3652843889
0.194349866569
38.6625730945
9.87255828739
38.7553979103
18.4618988263
7.42317441462
33.651304617
14.9599203594
38.9955243983
13.9563147812
0.17668169688
39.0004768398
15.7558580189
7.40985636247
34.1801450597
3.34604348444
21.7189322135
19.7710834302
0.128094230238
0.0
0.0
0.0
0.0
0.0
0.0
0.0
0.0
0.0
0.0
0.0
0.0
0.0
0.0
0.0
0.0
0.0
0.0197428411287
0.209905058218
0.0272178317173
0.177509663399
0.961886722994
3.41852166323
8.72281630932
11.7370130448
4.59045594618
21.2117635184
8.67099317773
28.042916773
11.8995600259
22.7177693728
20.5822858466
17.1818144034
11.8901549113
24.1466342871
15.4611059322
23.0776337587
20.5884609219
13.5259323473
21.9637926837
13.4690741543
22.0237384143
16.3856096996
25.1272362382
15.7358492807
30.0564188126
8.37045701494
29.6309561273
10.6889127711
27.0380895267
15.4747385984
17.6793829675
20.5511254668
13.4691216549
22.8216531389
11.6432944027
23.0331732168
15.2369982009
25.2503577387
6.97712253368
24.7687968697
20.5542130045
16.9321988612
20.5918809635
10.2771777531
23.2768986872
16.6706131731
4.18632102079
28.5668006579
13.2462489387
18.0302222433
21.6622590088
0.119131451915
24.1662995268
13.2802118526
23.7906649487
13.5487326252
18.0615251248
17.1261912255
0.0658358023738
30.4052630641
14.474423907
34.4898853455
10.3857640765
22.9569347876
24.3207714094
7.89065366734
35.3048052773
12.9756856412
17.3921469668
24.5476816749
4.37005326002
7.76140459212
19.2103741264
26.1532962433
14.765459954
26.2017468338
24.8978559426
7.19733521752
31.4097103058
15.5123590569
19.0739049632
25.0996859024
15.6393756049
33.6532576491
6.13028221281
0.0
0.0
0.0
0.0
0.0
0.0
0.0
0.0
0.0
0.0
0.0
