0.0282335637102
0.0547555971552
1.305844107
1.27389999916
1.29234574917
2.56758288135
1.29528075615
1.29574875271
1.29680508779
1.3132585096
1.28683007546
2.57483682799
1.30296927101
1.29140307039
1.30681352844
1.29830936244
1.29296083036
2.59401800115
1.31398724709
1.28876223268
1.29110890113
1.31057087223
1.28638882157
2.56179978104
1.30977527808
1.30953459414
1.30146499636
1.28495140357
1.29095513083
2.62285996039
1.2130738181
1.31291754068
1.29903809993
1.297319884
1.31134640938
2.58867615474
1.29454533299
1.2913830134
1.28862851938
1.30345732456
1.30413257674
2.59976767314
1.26651233923
1.30549645242
1.2838549545
1.31716293802
1.28151497171
2.54404265454
1.31109235411
1.29941918284
1.30269515874
1.30064934522
1.31168069263
2.58564754845
1.27722946038
1.30373143683
1.09679004504
0.0
0.495949322659
1.31209520387
1.30689375642
1.07642550916
0.0
1.11557007831
1.2758655847
0.673052591113
0.0
1.00269599445
1.29871050234
1.29348231224
0.574332060271
0.0
0.895257356321
1.28991216707
0.855176794056
0.0
1.3944024269
1.29415756441
1.31869395532
0.173706950585
0.0
0.819649169724
2.22541722729
0.0
0.164647874376
1.31953634913
1.28418255209
1.30683358544
0.124233028857
1.01275792042
1.3026082451
0.730870222883
0.0
0.00383088610134
2.5267334676
1.30525576848
0.35530967165
0.0
0.488641890706
1.34129538566
1.31786634737
1.30597443888
1.31901255541
1.29359129837
1.31706809533
2.61654735528
1.3202133448
1.31158949378
1.26525676254
1.31358853519
1.31275616982
1.33041323188
2.60775976025
1.34534804983
1.3049373935
1.35163854875
1.33396784136
1.33366764401
1.31242868181
2.63421124
1.36131991315
1.32354962893
1.27144492146
1.33508675874
1.32329036759
1.32493463032
2.66569102529
1.28445574733
1.34613265652
1.33676513481
1.32707694774
1.3356530401
1.83084902973
2.13971116239
1.34305563373
1.32382253561
1.33663550414
1.30214692272
1.3463850952
2.21186086535
1.78476873718
1.34034703495
1.30132138002
1.33313547599
1.3519387461
1.33366764401
2.19334414726
1.67119180052
1.32663347439
1.34375836843
1.32426600896
1.32265585956
1.32431376763
2.62803672642
1.33283527865
1.34532075916
1.25858419427
0.0
0.0
0.700837994068
1.32387711695
1.10712098806
0.0
1.36316885589
1.31828253005
1.34055171496
0.248679387529
0.00390938816028
1.25402665275
1.33529143875
0.528026662982
0.0
0.00390256549334
1.29851726391
1.32602625703
1.34262580571
0.315875834284
2.23190586084
0.882532437517
0.0
0.0
0.834732832891
1.3544153742
1.32226696755
0.779230437282
0.00390938816028
1.28379394864
1.34345817108
0.486108197264
0.0
0.0
2.32403233262
1.33696299215
0.62714636838
0.0
0.79145665645
1.33467057605
0.994103510092
2.60237715084
1.36277575942
1.36306366484
1.36561268118
1.35481973873
1.36457341281
1.3554727925
1.3748818315
2.47269331138
1.5738525696
1.36445403739
1.37373723188
1.36744544499
1.33973630321
1.34794511891
1.36719967207
1.36849875753
2.4733674314
1.62045813829
1.37045791885
1.34479922546
1.35392793411
1.39478241635
1.38130703797
1.37030343301
1.37382851896
1.35481973873
2.73583184919
1.35922960721
1.33739092729
1.36649746371
1.35278333449
1.37422877773
1.31237124351
1.34906163019
1.37362487854
2.75045884927
1.37362487854
1.37447455065
1.36735415791
1.37139185596
1.38221288675
1.36895519296
1.36237550065
1.34951104354
2.72912575937
1.36815467543
1.34720077805
1.1832632149
1.37112501679
1.36644128704
1.36659577288
1.35937004888
1.36956611423
2.67632671297
1.34740441847
1.37208002015
1.37081604511
1.20743322657
0.0
0.00403769805567
1.25135635933
1.3812087288
0.583816028432
0.0
0.201962145703
1.38137725881
2.74456029907
0.0653475097497
0.00403769805567
1.36873750837
1.36749459958
0.461575597557
0.0
0.0
0.96802230916
1.3671856279
2.0604618951
0.0
0.0
1.00231114326
1.36316197401
0.836049270449
0.00403769805567
1.30349532988
1.38915070532
1.36906052422
0.33781839663
0.00403769805567
1.13735985457
1.38221288675
0.675348887834
0.00402365388852
1.19515862448
1.09176546592
1.3691939438
0.737838409568
0.0
0.242676186271
2.72711744347
1.3782349998
1.35831202091
1.33705015089
1.34179205696
1.3025597576
1.30414969082
1.36378613306
1.35315868475
2.67645033464
1.18735933362
1.36773307253
1.32387741475
1.3525589731
1.3739114972
1.30666011168
1.34016725679
2.7024750309
1.3525589731
1.33587164776
1.34220348704
1.34548098095
1.35065523728
1.36827699705
1.35707773065
2.5287399605
1.34885610233
1.3546370437
1.34746839746
1.34905833067
1.33093448673
1.36414874941
1.36916261774
2.2917213642
1.77595539819
1.31274090888
1.36403020176
1.34223138061
1.34465114738
1.39269781332
1.34085762253
1.37856274919
2.72150541571
1.3655155341
1.36307484715
1.33346582777
1.3333612269
1.37561300468
1.35465796387
1.36739137636
2.41890207441
1.64597138469
1.36352811759
1.34698026007
1.36665219688
1.31724571965
1.36634536766
1.32002810277
1.36341654332
2.21527904897
0.657325809044
0.0
0.322728548541
1.37393241738
1.34584359729
0.165346080693
0.570597741667
1.35550871761
1.37984585319
1.0723541646
0.0
0.00400969998727
1.14635579288
1.3763173172
0.670603146045
0.00400969998727
1.2981665211
1.36710546731
1.37626153007
0.344185673516
0.0
0.362302544067
1.35772625604
1.47317772211
0.0
0.894902276638
1.34757997172
1.38552916708
0.767616965564
0.00400969998727
1.23601965799
1.37591983389
0.577612973297
0.0
0.781166264825
1.53697727895
1.35628276404
0.717471308853
0.0
0.00400969998727
2.56426439608
1.30838131039
1.29990729426
1.30652380605
1.24441943668
1.33964704028
2.61326454692
1.29969713866
1.25831682313
1.30290370637
1.31168956628
1.3176891697
1.32390570793
2.58803909572
1.33673197873
1.31631976869
1.29703968721
1.31890264881
1.28502692195
2.64703180637
1.3310374399
1.33012224616
1.30956089343
1.19081620029
1.3325627628
1.31143873541
2.63857812789
1.15925896424
1.32122113962
1.33347795654
1.3188484151
1.3091744783
1.75563310222
2.20088502624
1.32241428109
1.32083472448
1.31072013884
1.3301968175
1.29412462566
2.62362996344
1.31851623367
1.31182515054
1.25780838216
1.28276266484
1.33050866129
1.3187941814
2.64023225583
1.27615293226
1.33181027017
1.33210855554
1.32318711136
1.31200818929
2.59204561054
1.32164145082
1.30402905571
1.32747157391
1.33071881689
1.28763691892
1.32292950127
2.58242590744
1.31177091684
0.655854951961
0.682463362591
0.0039048266301
1.23120675074
1.32785798905
0.536893324001
0.0
0.167344870424
2.64270666854
1.3242039933
0.111721428584
0.0
0.979074264583
1.32276680016
0.793947518723
0.0
0.242838185273
1.31800101349
1.3143809138
1.3384471196
0.0338892852845
1.25916422474
1.31914670047
0.495845189894
0.0039048266301
1.24704977129
1.29969035945
1.33134928369
0.364721653992
0.0039048266301
1.25351714039
1.34058257166
0.488693120285
0.0
1.07706100783
1.3130657465
1.30400871807
0.551204242431
0.176306989877
