19.3768282179
1.14439022494
12.3002237435
27.8690741143
1.12866140175
0.0
11.0195756565
0.0
11.0148083219
1.13676925171
3.52053123661
7.48379571126
0.0
11.0605071125
1.13023698894
11.0428984042
0.0
1.64002397192
10.5454862047
3.1540550661
7.88754500017
0.0
12.1101592408
0.01410590076
6.79783373667
4.25448437979
10.5730555995
1.58268747501
1.62677010543
9.38964085234
0.0
12.1523416996
0.0132403421323
7.03174419361
3.98948143402
11.0781496318
0.393822413404
11.0278998961
0.013524353557
0.0
0.563120271231
11.5889374169
0.0
0.0
0.00277925465597
0.0
11.0232610428
0.0
0.0
1.13052100036
11.0103858583
0.012029912489
0.0
0.0
0.0
11.1689250928
0.0
1.1296081065
0.0
11.0433176592
0.00300240648966
0.0
0.0
4.74206437423
6.28438165388
1.13285395135
0.000987277809663
0.0
11.0216922178
0.0
0.0
0.0
0.0
11.0093918183
1.12923618677
0.0
0.0
11.0078094689
0.00652550059127
0.0
0.0
5.33671667578
6.83930616685
0.0
0.0
0.0
11.0950415493
0.0
0.0
0.0
10.8424269114
1.30241553407
0.0
0.0
0.0
11.0213946821
0.0
0.0
0.0
14.8144527947
7.53175759198
21.6621336544
6.55336744663
5.48901247315
0.0
10.9645344596
0.0
12.0920739183
0.0
10.9507814334
0.0
8.31256999999
3.81953781283
0.00221475555645
10.9756822869
0.0
12.1064664635
0.0
10.98806203
0.000962644512379
0.322593620124
11.7302070948
0.0
10.9926059814
0.0
10.9726193271
1.12681915831
4.5878627693
6.37331253213
0.0
10.9734944585
1.12325131501
10.9664328215
0.0
11.0224008388
0.000477956366286
6.19199877482
4.78583768164
0.0
6.84186460203
5.25749310203
0.0
0.0
0.0
1.75630788805
9.20640225919
0.0
0.0
1.66219087457
10.4230098966
0.0
0.0
0.0
0.0
10.9843797464
0.0
1.15870086747
0.0
10.9958978217
0.0
0.0
0.0
7.68205130794
3.29462055061
1.12621329813
0.0
0.0
10.9673079528
0.0
0.0
0.0
10.9626091705
0.0
1.12318399721
0.0
0.0
10.9558639272
0.00323798608709
0.0
0.0
5.94429620504
6.18101924195
0.0
0.0
0.0
11.0405699125
0.0
0.0
0.0
0.0
12.0901957517
0.0
0.0
0.0
10.9668569236
0.0
0.0
0.0
12.3567517701
0.00194796398324
24.901365461
16.1743907897
5.69083959648
5.47087742402
0.0
11.197699482
1.14752912086
11.2530106847
0.0
0.0
12.3199119301
11.1710247217
0.0
0.0
12.3288080895
0.0
11.1868484995
1.14615045621
11.1816562152
0.0
5.33367628474
6.99592745206
0.0
11.1922671317
0.0
11.1829182764
1.14687751319
0.0
11.1365169512
0.0
11.2394778222
0.0465042105859
0.0
11.1851611786
12.2990056124
0.00196854106757
0.0
11.1606813073
0.0
0.0
0.0
0.0
12.319397503
0.00792903649517
0.0
0.0
0.0
11.1617718927
0.0
0.0
0.0
11.1691179118
1.1472204646
0.0028122015251
0.0
11.1668475735
0.0
0.0
0.0
0.0
12.2578308667
0.0024692501196
0.0
0.0
0.0
11.1880008162
0.0
0.0
0.0
12.3201657141
0.0178403321141
0.0
0.0
0.0
11.1774173359
0.0
0.0
1.14885977231
11.2506306019
0.0
0.0
0.0
4.10104034309
7.12494577081
0.0
0.0
1.14626705969
0.0
11.1978503806
0.0
0.0
0.0
9.29403796129
1.93006191988
1.14644539442
0.0113105373534
0.0221820969078
11.2003676439
11.4912087479
15.6986086494
1.12322683955
0.0
5.48229209219
22.9981537574
22.3539937474
0.00775740657014
0.0
10.9342121929
12.0407431609
0.0
4.07907387571
7.80487706675
0.212993152713
10.9461771202
0.0
10.9469689662
1.12283762711
3.71335510351
7.24215640468
0.0
12.0121830204
0.0
10.9565986188
0.0038115976919
4.20759450774
7.86231274394
10.4062723598
0.530852215869
0.0
10.9402181435
1.12070366925
10.9308032288
0.00289896162483
4.22855158449
6.75453361193
0.0
10.9516395155
0.0
1.12313289172
10.9437546083
0.0
0.0
0.0
10.9316554698
0.0
0.0
0.00275132931986
3.20856670002
8.83708187973
0.0
0.0
0.0
0.0
10.9501095079
0.471047711238
0.650890700926
0.0
10.9608396923
0.0
0.0
0.0
10.9438552667
0.0
1.12364960479
0.0
7.16970249574
3.76907958807
0.0325327915675
0.0
0.0
0.246861345585
11.8031222555
0.000476449711488
0.0
0.0
10.9284880858
0.0
0.0
0.0
10.9607054811
1.12337447186
0.0
0.0
11.0035054284
0.0019661938798
0.0
0.0
0.0
4.800995847
7.25394014684
0.0
0.0
0.0
10.9372990502
0.0
0.0
0.0
12.0617740538
4.46442425531
0.0
0.0
0.0
0.456341851255
0.0
8.82888193411
20.4398394323
2.70735552787
12.1491834881
0.00143822227624
9.24551399566
1.76848672683
12.1169348985
0.0
4.25920411615
6.75810519279
10.7617851512
1.39009247162
0.00270088690374
11.0114888977
0.0
11.0505774834
1.1314487895
4.89489836225
6.10399765023
0.0
12.1383866927
0.000958814850827
9.69843247276
2.46890097536
11.0207326831
0.0
11.0292674857
1.1299633017
2.47360051857
8.54731447439
0.0
11.0244666592
0.0
10.9759857393
0.0386024260717
0.0
12.1373333468
0.0
11.0239197296
0.0
0.0
0.0
0.0
11.0120020662
1.13146904615
0.0
0.0
11.0127042968
0.00634708422378
0.0
0.0
8.91268370251
2.03185696103
1.12960543418
0.0
0.00270088690374
0.0
11.0076671427
0.0
0.0
0.0
12.1459559283
0.0
0.0
0.0
11.0222114187
0.0
0.0
0.0
5.90632648996
6.2592243728
0.0
0.0
0.0
0.0
10.9602935864
0.00270088690374
0.0
1.13106391311
11.0010027043
0.00388927714138
0.0
0.0
0.0
11.0088960462
0.0
0.0
1.1271476271
10.9899155635
0.0
0.0
0.0
11.0429339734
