0.0275058516859
0.0997371551521
1.11707219951
1.75549573274
3.83841817929
1.77054698833
1.9229601918
1.79601165151
1.66312693348
1.9990597148
1.80665260143
3.4712518676
2.07903414975
1.83741096988
1.79894962447
1.88036962243
1.85952272997
1.82547169022
1.82715148798
3.6407039758
1.75743653493
1.8821163444
1.85525965758
1.83607917804
1.7074575324
1.8941627028
2.33797062362
3.12704725351
1.80674629533
1.82921944617
1.74902416131
1.92031668538
1.80844617035
1.8395190826
3.62434769806
1.58696048627
1.98502570726
1.89414931796
1.79626596352
1.6416777231
1.92615247678
3.65804403948
1.8073954602
1.78696349786
1.79668758606
1.88176164607
1.7258683835
1.87033099043
1.77378612025
3.68264538031
1.7482344556
1.89631766247
1.75753022883
1.8418078907
1.83360967456
1.81177230375
3.58523718778
1.82438082554
1.70832085476
1.9358832574
1.86695131765
1.61538319968
1.97684756839
3.64096498023
1.82210540229
1.73632194562
1.87104707951
1.85455695334
1.79722967219
1.80641836668
2.26207856568
3.19819438472
1.92385028384
1.84273813726
1.64822960359
1.96717701956
1.80777692821
1.81647707595
3.68369609045
1.87259302884
1.7533809276
1.76563475107
1.90636298689
1.79304021643
1.84420377754
2.58675469432
2.96362501694
1.82572600223
1.88241081094
1.80030149358
1.7069221387
2.00518328032
0.993222250293
0.00384144984616
2.43935411442
3.25862025696
0.86189017402
0.0
0.00384144984616
6.91366609168
0.0663397278388
0.0
1.52356447386
2.50597589195
1.84242184651
2.52171394102
3.14350660637
1.84664774102
1.81003922584
1.91867197857
1.82988729812
1.69198000198
2.03534756278
1.83932058522
2.06157537258
3.58630537541
1.55796461836
2.13344965903
1.88615985468
1.89259411987
1.76959332581
1.83064386956
2.0072453643
1.86628451857
3.7202594154
1.74514448129
1.92779854752
1.8870186655
1.88314720086
1.85860974887
1.81014146523
1.87372754568
1.88313356894
3.74857972457
1.85851432544
1.84147442823
1.89439353302
1.85708979003
1.84974900231
1.85944811181
1.81536248973
1.83028262374
3.78039662065
1.87801478381
1.67928868653
2.06406319757
1.59704732661
2.02570979692
1.87689696656
1.85955035119
1.8307529249
3.72845219798
1.86428062666
1.75030416217
1.99501753405
1.86397390851
1.82642479101
1.90099138122
1.91848794768
1.83944327248
3.76345896282
1.89308486891
1.85850069352
1.86104986215
1.90352691793
1.84651142184
1.92231851657
1.87006055979
1.88002549169
3.62339100771
1.85391355319
1.87512481725
1.85029427902
1.80419794908
1.88442178517
1.88830006577
1.8816817697
1.90983849585
3.71362067144
1.87147827924
1.89588622801
1.83104601113
1.78346380215
1.95087056835
1.73458656097
1.70289235215
2.10681970766
3.7358747772
1.89880345842
1.84518230986
1.4675236599
1.83431085544
2.19088092861
1.60831410665
0.0
3.35317913362
2.18675045752
0.993098841628
3.43882165703
3.79656407513
0.00651013118083
0.0112325061307
0.952212938633
1.58746007063
1.31937084473
2.72282020232
4.31259423668
1.93517528444
1.84692084288
1.88044295877
1.87136250637
1.83978331045
1.83933131171
1.89546011111
2.24652146488
3.29695980247
1.89500136612
1.89124370491
1.79503543468
1.83328667177
1.84352073291
1.80602507581
1.81293998199
3.68376953461
1.92550116204
1.83006196431
1.54365666985
2.15689078833
1.78617760852
1.94920073804
1.84994316284
3.68296673087
1.46526524568
2.1268227524
1.66892103852
1.98546857765
1.71231966431
1.90176110854
1.80370436584
3.72671616165
1.77914126985
1.87360900759
1.80601158331
1.60375226421
2.04848529823
1.8631388277
1.84903916535
3.75128600389
1.84005316045
1.82717456934
1.76636387248
1.84549738414
1.79379412469
1.93715868192
1.84795976537
3.60043310925
1.8587065415
1.8493697316
1.85550207279
1.86440037644
1.87852027754
1.8495181491
1.87634798506
3.71224545556
1.83761101798
1.89183062865
1.84598986039
1.80999861702
1.80859539703
1.83690940798
1.83802928547
3.71891075049
1.8773666688
1.83672051298
1.85607550403
1.79911016963
1.84644860538
1.84598986039
1.84295404792
3.67823760967
1.77936389609
1.85627114528
1.82532609686
1.82628406435
1.78526686478
1.88211602875
1.86589804392
3.67205129848
1.7974708309
1.89623592985
1.80785330954
1.86931839264
1.83859597046
0.287774783192
4.79954530275
0.741500568372
0.00375091496015
1.12252876432
2.2027045716
2.04912083313
1.92126945796
1.93418768823
1.8916940513
1.89900043221
1.93064769523
1.88583522567
1.83941741045
1.85173878145
3.75131549159
1.88456604214
1.77514870029
1.95007649403
1.85547086709
1.87341094791
1.80282376186
1.82994998731
2.04178701042
1.82699313269
3.72019648333
1.81716210561
1.64199419606
2.1469234305
1.91558214362
1.88536185452
1.68243655797
2.09525736984
1.90160054335
3.52728058561
2.10160328753
1.81163258166
1.95466613613
1.87839849619
1.86294189884
1.8376268326
1.95115358493
1.79409726748
1.80197306587
3.75259153557
1.79957876827
1.93550489493
1.85387924233
1.88336546311
1.89074730899
1.87841221709
1.8967502041
1.86025260183
3.62573492587
1.95312253453
1.85864039571
1.927210609
1.82388534813
2.00309406365
1.86207748194
1.84215473062
1.89734706338
1.83971927032
3.81851361457
1.87547594383
1.84300542662
1.84241542778
1.89442451102
1.8533029644
1.87723221942
1.8941020698
1.88516976187
2.30987287583
3.34006572313
1.79329459465
1.96367390902
1.85540912303
1.84813704438
1.90494844371
1.89926798982
1.87177816044
1.86605654384
3.79309564156
1.8502157612
1.86958281594
1.89823892209
1.93050362575
1.81547443453
1.93990244438
1.89160486543
1.89243498007
1.91032017727
3.73500819824
1.89538497424
1.91304377654
1.81691512935
1.90968901573
1.87300618127
1.743892483
0.0
2.92480945096
2.74665724498
1.14415866852
0.0
1.38655214286
0.188869673982
3.12227533676
3.05932108225
1.924900619
1.85974883948
1.92189457063
1.9081289422
1.89562792723
1.92731927862
1.89213814693
1.8648694874
2.13284315165
3.47385860861
1.87528354465
1.91838405896
1.85922364482
1.87248480995
1.91140449836
1.88891096396
1.80986225734
1.8902723238
2.36165526153
3.24626273899
1.93317243488
1.91669790769
1.87396364755
1.91121100559
1.86580930942
1.8997811113
1.89203449009
1.89327146172
2.01206911147
3.63125115534
1.94004142818
1.8667560419
1.90269732375
1.89334056628
1.84128410094
1.89974655902
1.95540337196
1.87979607244
1.88030053573
3.25008422118
2.41000081198
1.94837543817
1.90670538826
1.87600223208
1.87092995735
1.88025216254
1.93755366401
1.68024974388
2.01238008199
1.90892364464
3.80714990334
1.68215011929
2.08573457284
1.89964981264
1.91417559123
1.90758992663
1.9060074322
1.89184099732
1.85288675663
1.91587556342
3.28324058925
2.34276898518
1.92747821911
1.94483728467
1.93380128638
1.8570883139
1.92053321079
1.81055330294
1.95931469007
1.89627751009
1.90640823865
3.0540622252
2.61915267443
1.86478656193
1.90660173141
1.88728700679
1.84015769661
1.94043532418
1.89906242388
1.92666278529
1.79479055272
2.44992942697
3.23632550321
1.84760716822
1.89906933433
1.92493517128
1.89806731821
1.89199302735
1.89528240442
1.90319487659
1.86429591955
1.91524671192
3.30529185447
0.0
0.00398042267804
3.01748518139
