10.3607505109
0.468133500636
32.8990083553
0.0
8.10338283863
2.85950203742
1.1243731404
10.9146681998
0.0
10.9232828768
1.12102261521
10.9478041554
0.0
10.9492611974
1.12742151403
0.00335723967754
10.958668183
0.0
10.948442031
1.12390312685
10.9276405739
0.0019874858891
0.0
12.0692162104
0.0
10.9499527888
0.0
10.973487039
1.12283552463
11.0023727291
0.00248435736138
0.0
10.9887221926
1.12352040153
10.9498117848
0.0
10.9810341138
0.00049015699292
0.0
10.9542500556
0.000993742944551
0.0
1.12202307263
4.86973658258
6.04759726553
0.0
0.0
0.181559521761
10.7658551939
0.0
1.12280866671
0.0
0.0
10.9618374173
0.0
0.0
0.0
10.9461053921
0.0
1.12531316751
0.0
10.1856704617
0.755143920668
0.0
0.0
6.6477978606
4.34934428913
1.12134491021
0.0
0.0
0.0
10.9265125414
0.0
0.0
3.67577457814
8.40103570844
0.0
0.0
0.00329009488399
0.0
10.986808566
0.0
0.0
0.0
12.0594130706
0.0
0.0
0.0
10.9508055277
0.0
0.0
0.0
12.0721504379
0.0019874858891
0.0
0.0
0.0
10.9485427482
0.000496871472275
0.00222920714588
1.16231447877
29.9853127761
4.58516316148
0.0
11.3405224708
1.16329339561
9.47861570051
1.83226155825
11.3065936298
1.16395294951
11.3200346439
0.00358241907013
0.0
12.4905970178
0.0
11.3322537477
0.0
9.62523106082
2.87866811769
0.0
11.325970629
0.0
11.3385438091
1.16027333302
9.66256181148
1.68404938323
0.0
11.3667866013
1.16210619859
11.3795472336
0.00391566735573
0.0
11.3662103595
10.7539846602
1.72910732851
0.0
11.3518806832
0.0
0.0
11.3295599908
0.0
0.0
1.15986371534
0.0
11.287036121
0.00154127332087
0.0
0.0
0.0
11.31937509
1.15947492567
0.000506815101007
0.0028117824097
11.3256234954
0.0
0.0
0.0
0.0
11.3126892963
0.0
1.16177295031
0.0
11.3121824812
0.0
0.0
0.0
0.0
7.93098289152
4.6000413089
0.0
0.0
0.0
11.2973529325
0.0
0.0034019095821
0.0
11.3261858519
1.16105091235
0.0
0.0
0.0
11.3566433566
0.00102751554725
0.0
0.0
1.160252505
11.3081349031
0.0
0.0
0.0
11.3202151534
0.0
0.0
0.0
1.16186320505
11.3266857243
0.0
0.0
0.0
11.3187502495
1.1203060748
22.3465400058
10.9672653268
0.0
12.0629421541
0.0
10.8963164915
0.0
10.8846478918
1.11819729172
0.000488702110959
10.9108905257
0.0
10.916413529
1.12020565656
10.9370327414
0.0
10.9100871798
1.12429602628
8.26115437464
2.65110853371
0.0
10.9193390471
1.11786256425
10.9304051374
0.0
10.9350511547
1.12395460426
7.98498412555
3.00377739954
10.9525239288
0.0
10.9120486828
1.12072783142
0.0
10.9661808097
0.0
0.0
10.9351917403
0.00367530765639
0.0
1.1184650737
0.0
10.8801491546
0.0
0.0
0.0
10.9239448972
0.0
1.11845837915
0.0
10.9470544819
0.000508785759354
0.0
0.0
9.10301405353
1.8281676516
0.0
1.12145084276
0.0
0.00279832167645
10.9316904909
0.0
0.0
0.0
10.9670109339
1.11840482275
0.0
0.0
8.21739210478
2.69576117864
0.0
0.0
6.84503624262
4.10225254853
1.12042657669
0.0
0.0
10.9578527902
0.0
0.0028853508195
0.000488702110959
0.90426626901
11.1247345193
0.0
0.0
0.0
10.9189507633
0.0019815866417
0.0
1.11871946658
0.000488702110959
10.9232754422
0.0
0.0
0.0
10.9184754503
0.0
0.0
1.12554971885
0.000488731966502
22.3058809352
10.9618228363
12.0514607981
0.000977463933004
3.42888991731
7.45871930466
0.0
12.0078498388
0.0
10.9154937239
0.0
10.921445542
1.11995273359
10.9267814238
0.0
10.9180177232
1.11979874955
0.0
10.8960716494
0.000990853849894
12.0335450893
0.000488731966502
10.9172611929
0.0
12.0615634904
0.00377595656311
10.9707806907
0.000495426924947
0.0
10.9573974688
0.0
12.0380039316
0.0
10.9478839329
0.0
0.0
10.926439981
0.000923904265442
0.0
1.11817856961
0.0
10.8835654671
0.000990853849894
0.0
0.0
0.0
10.9212246083
1.11990586888
0.0
0.0
10.9231594513
0.0
0.0
0.0
10.9095419058
0.0
1.12082977315
0.0
2.71855482627
8.18985563159
0.0
0.0
0.0
0.0
12.0816885355
0.0
0.0
0.00328052963816
10.8955829175
0.0
0.0
0.0
0.0
12.0401730982
0.0
0.0
2.02859249378
8.92454028649
0.0
0.0
0.0
3.24759713757
8.78142215981
0.0
0.0
0.0
10.9161766097
0.0
0.00272484808721
0.00408392465159
12.0362163777
0.0
0.0
0.0
0.0
10.9195240889
0.0
1.11975399122
0.0
33.1954397557
0.00378629155447
0.0
12.0175825497
0.0
10.8525399706
0.0
11.9945576233
0.0
10.8850473203
0.0
10.8855281192
1.11951359175
10.8886132457
0.00383303589464
0.0
12.0226242606
0.0
10.8828770474
0.0
9.48039993122
2.53361001531
0.00324539276097
10.9031307022
0.0
12.0270783285
0.0
10.9378350359
0.0
10.925187353
0.0
11.9999933222
0.00240399463776
9.35710171735
1.5790839111
0.0
0.0
10.8927534587
0.0
1.11482580221
0.0
10.8535616683
0.0027712715963
0.000474121164669
0.0
0.0
10.8838653563
1.11616803255
0.0
0.0
10.8963260618
0.00147578559707
0.0
0.0
10.5735363596
0.320766340068
1.11751694065
0.0
10.8724463817
0.00719195062462
0.0
0.0
0.0
0.00267778291595
12.0473052723
0.0
0.0
0.0
10.8816149502
0.0
0.0
0.0
0.434214853682
11.5891639942
0.0
0.0
10.9176882253
0.00335891472998
0.0
0.0
0.0
11.9847413118
0.00335223696709
0.0
0.0033121703898
0.0
10.8847134322
0.0
0.0
0.0
12.0263971967
0.0
0.0
0.0
2.60466809014
8.29651938304
0.0
1.1161413215
