3.83678804456
1.81026156082
1.83641051942
1.80865173662
1.78605721287
1.87409180272
1.9644200359
1.30343049263
1.85126933926
1.17009288543
3.11812263156
1.3435977434
2.24358919566
1.72842408183
1.84926774368
1.82501353392
1.31836054364
2.09416046956
2.3789568909
3.29348662279
1.7327905519
1.84263612275
1.72016126734
2.20390631678
1.28026611961
2.67177394079
0.979228993931
1.85859902556
2.3209391116
3.8949126706
1.3471735476
1.80196313075
2.23454996154
0.985069948998
2.16135282218
2.23688634356
1.9026483745
1.47378693336
1.44626321338
4.27672593099
1.24187252472
1.8122204177
2.66329030971
0.998945778841
2.14867367581
2.24829045218
1.35517280679
2.35525116107
1.43743054962
4.01836339288
1.17814200644
2.31053936234
1.97873749893
1.97476280024
1.49786306522
0.0752058580505
0.0
0.0
0.5212767473
0.70204718352
0.0
0.0
0.0
0.0
0.436476052084
0.394549391686
0.347223409408
0.0528179046642
0.0
0.350193748753
0.300702339231
0.433028463971
0.13300994387
0.0210559307063
0.0
0.0
0.218978830099
0.473487762487
0.231479898567
0.258982249195
0.0509231558253
0.493539333846
0.253981821808
0.125195885688
0.290459298516
0.0703407698664
0.0
0.0
0.0
0.253497449924
0.19379149215
0.492349773485
0.227462461179
0.0725133202268
0.0
0.0
0.0
0.205216970111
0.215887397783
0.527092017745
0.304376232339
0.770995885022
1.04929190414
1.1149374806
1.15598855268
2.4175494337
1.70612913453
2.01138876132
1.64398367393
1.65021428171
3.00192824261
2.04676469333
1.56071705528
1.98862127726
1.69395569141
1.65363408899
2.7584861497
2.00553961932
1.35243004578
1.98738987894
1.52189454646
1.89454646144
2.72966875218
2.30054651666
1.61105715378
1.49320430421
1.81320055647
1.13337499341
4.21258017265
1.36984362413
1.45696505489
1.94212260611
1.19045432073
3.59302620319
2.41506655992
1.75948080499
1.60916990202
1.54831607117
1.88306902607
1.922226154
2.80090246773
1.58535840634
2.36879542977
1.68890294289
1.68517528604
1.8471108568
3.01121057664
1.93401813134
2.07477231261
1.68312072472
1.69528747546
2.60334334681
2.02269888714
2.10646074207
1.43802561342
1.86295172534
1.28999012037
3.61080117016
1.68461312594
1.69524732116
1.37996250593
2.0063360128
1.65178029913
3.51451117586
1.4351077348
0.806217892251
1.34795284213
2.21537926148
1.66024616255
3.50229757845
0.91747205303
1.33092072957
1.96711865343
1.00915099604
2.28195507906
3.35228114028
0.357406668457
2.05772681529
1.63932577596
1.38783943971
0.776122249745
3.14797609816
2.06147454929
1.61479150302
0.814101518418
1.98838704388
2.57159468591
2.5720497679
1.16548504294
1.57813732601
1.80668886864
1.02476432358
4.02993167914
1.69402930761
1.8166739028
1.73334036033
0.287698816034
2.18224527748
3.16986018777
3.62669227247
1.4028850984
1.5996941529
1.19411244326
1.53653316974
2.12762892922
1.28477121481
2.66850174929
1.21028677611
3.00261481491
1.79241339148
1.45031273755
1.91643083543
2.03160716429
1.62379205953
1.62655890891
1.24705955572
1.68791326034
1.96023098569
3.26688805018
1.96474045228
1.42517637331
1.47934687418
1.59903266963
1.79771237036
1.61672201255
1.53642647889
1.70832677629
1.18392702346
3.99414978506
1.35640345145
2.23733557384
1.68942115768
1.5376783182
1.32063356583
1.32899101574
1.50453302749
2.3414445052
1.90874198152
2.49581905232
0.665715339921
3.08514374369
2.23104792642
0.976797407412
2.42703190501
1.10361015163
1.49354386994
1.82551600585
1.37841733015
2.20912651312
2.44809267878
1.83547381851
1.35911339904
2.49391995519
1.58898950429
1.74662167869
2.18508550827
0.628878545804
1.39994754367
2.23313195435
1.87406745529
3.47817149665
1.82672516882
1.55571618456
1.27157000031
1.80107668849
1.80492467181
1.42001253617
2.1739967726
1.50232097053
1.53673943872
3.10091265131
1.52882297765
1.97677518015
1.5894518313
1.96952020236
1.53299103352
1.19291039302
1.93988859697
1.76028522021
3.64492929508
1.4360872909
2.14807800879
1.65288309795
1.35537921929
1.44423847183
2.00500557904
1.1585417139
2.44082347554
1.80338832358
3.59888152426
1.34766191448
1.72641443172
1.91234813224
0.925962773784
1.99802799746
0.426557130727
2.57174026113
1.9213599527
2.72591924972
1.89960845
2.27290312432
2.40570702197
2.33816996076
2.16063328218
2.14889103346
2.1611774559
2.15846508998
2.15789540811
2.14731803128
2.1603526926
0.0
2.15843107912
2.17397404121
2.15581224306
2.67497098449
2.04413759093
1.64530076227
1.23604810836
2.13816911049
2.2944234947
2.15058307365
2.25032841735
0.0
2.22059442477
1.26561204665
1.75397395619
2.24748851071
1.88214387443
2.22453118158
2.44819508628
1.8919219961
1.95514818106
1.33976421973
2.14272656546
0.0
2.21165807184
2.10685361302
2.44242174314
1.99689650921
1.17777050323
1.99796785124
2.2862098725
2.18868373728
2.22397000242
2.08711030997
1.25063026371
1.76873466854
0.0
2.04548952253
2.29581793988
2.03322860823
2.22646129777
2.3533898197
2.02615434978
2.29041021346
2.41579124135
2.15452833317
2.1577168511
2.16228280879
2.10107176716
0.0
2.23419026524
2.40397246821
2.36275130836
2.1626994418
2.05157746611
2.24984376262
2.16860882837
2.15843107912
1.82314353857
2.62611438702
2.14310918761
0.847338012661
1.20318511685
2.15706214209
2.20908174935
2.3139032136
2.01851891216
2.60034265939
1.96751112793
2.36153542018
2.16191719206
2.14993686734
2.17322580234
2.21870682215
0.0
2.30381899421
2.46265820363
1.75397395619
2.10316343493
2.62572326215
2.13304197365
2.18018952551
2.14333025818
2.25641636092
2.06190826421
2.16727390219
2.13483604641
3.45004666481
2.05459562591
1.76755208118
1.78139406825
1.34204644314
2.20663933337
1.77763625376
2.22567470451
3.12816240936
1.87195458252
1.46496356978
2.36799313178
1.47860148078
2.10981579496
1.76861468415
1.40735782188
2.24205004966
3.81752432859
1.7775658827
1.2886699958
2.17554940004
1.50454728979
2.12743670783
1.80997879192
1.7090033611
1.63754155191
3.71595778088
1.85116697205
1.55864855902
0.0
3.09536949643
1.28494032974
2.70105231121
0.464251942461
3.16901280841
0.0
1.18625195829
1.6178024702
1.539022071
1.10386152383
2.06654463152
0.00179446197368
0.115528165576
3.0555113293
0.113058141448
1.07241269811
0.0
0.00429967163105
3.14543850405
0.0
0.0
0.00430670873683
0.62925799877
3.53302117905
0.211915403433
0.0
0.00430670873683
2.96050336418
0.219029917376
0.0
0.0104149165531
0.0
0.0
1.19097385627
0.0
0.0
0.0
0.0
0.0
0.0
0.0
0.00429967163105
1.19455574311
0.0
0.0
0.0
0.0
0.0
0.0
0.0
0.0
0.819858008798
0.372649936534
0.0
0.0
0.00375781448606
0.0
0.0
0.0
0.0
1.18841938687
0.0164175677827
0.0
0.0
0.0
0.0
0.0
0.0
0.00429967163105
1.19499908078
