21.6154563849
12.7605468582
1.17769197151
12.1696994426
0.00156174841957
0.0
12.7274265358
0.0
11.4386323445
0.0
11.4417417716
0.0278582150517
1.17386498439
12.0435354959
0.0
11.5904525817
1.17776935544
7.32025251784
4.84699877857
11.7378830395
1.19928912307
0.000513547903731
12.0591248405
0.0
11.6343855496
1.17860650887
11.913628981
1.16146948567
0.0
11.6174595735
1.17681964356
6.86007138668
4.66849515515
0.0
11.6842841151
1.17679853885
11.4711054558
0.0
3.55136666177
7.95181795079
0.0
0.0
11.4808839707
0.0
0.0
1.17579254775
11.3077901875
0.234536624144
0.0
0.0
0.0
11.4694592886
0.0
1.17686888788
0.0
11.5007223966
0.0
0.0
0.0
0.0
0.0
12.6418188038
0.00102709580746
0.0
0.0
11.4598636812
0.0
0.0
0.0
11.5231637365
0.0
1.17518051121
0.0
0.0
0.0
12.3456845708
0.0
0.0
0.0
12.6535670914
0.0
0.0
0.0
0.0
11.5130967906
0.00104116561304
0.0
0.0
0.0
12.6357406478
0.0
0.0
0.00344710236751
11.482023625
0.0624277273659
0.0195851693697
0.00448826798055
1.17485690568
2.87232970479
13.2344390149
32.1964084917
12.8289943813
0.0
11.6687344184
0.0
8.2212500245
3.42038324391
1.19319905125
11.5888708508
0.0
11.6024784508
1.1885657668
6.03180927976
5.59326534285
0.0
11.6262079953
1.19282126036
9.43992501207
2.19235614988
0.0
12.8143674587
0.00104070696793
11.6010813373
0.00105496322776
0.0
11.6207549759
1.2340503638
11.6263861985
0.0
6.67392547897
6.50220170113
0.0
11.6839102069
0.0
11.6652273784
0.00158244484164
2.03049770385
10.9491782157
11.6530596607
0.00265879245915
0.0
0.0
11.6312903519
0.0
0.0
1.2042904214
0.0
11.5888708508
0.0
0.0
0.0
0.0
11.6408135335
0.0
1.19439657707
0.0
10.9976637554
0.63173051392
0.0
0.0
2.79076978457
9.71209839671
1.19367663595
0.0
0.0
0.0
11.6118305572
0.00158244484164
0.0
0.0
0.0
11.6735672904
1.19086815276
0.0
0.0
11.5994775081
0.0
0.00355693682873
0.0
0.0
12.8177747048
0.0
0.0
0.0
11.6604087626
0.00309360838411
0.0
0.0
0.0
0.0
12.9671803078
0.0
0.0
0.0
11.4459661022
0.470955543636
0.0
0.0
1.19232229127
0.0116227549028
0.00903914671291
14.8208997189
18.0767056558
0.625706727392
10.7727826278
0.0
11.5867097384
1.16529086049
11.3113709227
1.61409354786
0.0
11.3269700665
1.16145374967
0.0043245840591
11.4185523612
0.0
13.1450084916
12.519099811
0.833760307665
0.0
13.2316185592
0.0
11.3238920212
0.229941128901
0.0
12.508354508
0.000995838197185
6.98841641705
7.13794535251
3.59783109226
1.79369261852
11.7012450589
12.7649534594
6.41733454853
11.6456313257
0.00170615635182
1.16487999018
11.353196127
3.08693824149
8.5289711442
0.0
0.0
10.3263337399
1.13595889904
0.0
1.16285349427
0.0
11.3154308785
0.0
0.0
0.0
4.08589626743
7.2629126004
0.0
1.16350113729
0.0
11.3544426657
0.00805723632268
0.0
0.0
0.0
11.3386067492
1.16507497948
0.0
0.0
7.46863327301
3.87200693605
0.0
0.0
0.0
11.4802246903
1.20080676822
0.0
0.0
11.321670536
0.00300840630198
0.0
0.0
0.0
10.7098707238
1.81330993462
0.0
0.0
0.0
0.382387939912
11.0039563677
0.0
0.0
1.1639189715
11.3364340114
0.0
0.0
0.0
1.14818751355
10.2005517153
0.0
0.0
1.16418359983
11.3509050028
8.31316362324
15.5378364062
11.6913704749
0.00411606076549
11.9517684859
0.00165071186949
0.654739499266
10.9592404582
0.0
11.6234268886
2.67348151033
11.6456721961
2.66657853342
11.6467155032
3.37816397607
6.88509776984
7.25278490635
0.0
11.6408844171
2.83966746374
11.6217261551
2.88742377293
0.0
3.48766119675
10.8994003664
0.503731519932
14.2238054447
0.0928972047767
13.4976565787
0.79299197779
13.8392467466
0.00105759894669
0.0
13.1982203039
0.0
11.6483662151
2.04230931732
11.6743845783
1.7575650928
0.0
0.0
11.903626296
1.81024495385
0.0
0.0
0.0
12.2657753299
0.913308149854
0.0
0.0
0.0
12.9495916543
0.00288695928691
0.0
0.0
0.0
13.748664826
0.00105759894669
0.0
0.0
12.761546274
0.0
0.0
0.0
0.0
11.8789442233
0.0839504893628
0.0
0.0
0.0
13.3238173248
0.0
0.0
0.0
0.0
14.6746570173
0.0
0.0
0.0
13.4617768198
1.3918287976
0.0
0.0
0.0
15.6689000703
0.000507361656857
0.0
0.0
0.0
13.1478271433
0.0
0.0
0.0
13.587688262
0.000507361656857
0.0
0.0
0.0
0.0
14.906456981
22.0091077246
10.7503082129
0.0
11.3056599731
0.0
11.2771428251
1.15746721971
0.0
11.2296534106
0.0
11.2371662898
1.15164076411
6.02914437325
5.23689846641
0.0
11.2658838735
1.15596740848
11.3140644452
0.0
10.4535805833
1.96355009465
0.0
11.2397857758
0.0
11.4639695407
1.15350688868
11.2614604671
0.0
11.2871093126
1.15590520433
11.3186744641
0.00255728181678
0.0
11.3027778474
0.0
12.4207385188
0.0
11.2934748708
0.00102291272671
0.0
11.2664851803
0.222704688379
0.0
0.523613819344
0.630853777909
0.0
11.3934991477
0.0
0.0
0.0
0.0
11.271793268
1.1555112447
0.0
0.0
11.6537198515
0.00281300999845
0.0
0.0
11.2525929196
0.0
1.15607108207
0.0
0.0
11.2536849481
0.0
0.0
0.0
0.0
12.4727411901
0.0
0.0
0.0
11.2359429415
0.108311252299
0.0
0.0
0.0
12.4318592389
0.000504544790877
0.0
0.0
11.4392814038
0.0
0.0
0.0
0.0
12.9138446572
0.00100908958175
0.0
0.0
2.41190380128
9.12128513779
0.0
0.0
1.15560109514
11.4600921485
0.0
0.0
