2.53592815738
5.46620527531
0.0
0.0
0.00782502198733
3.30313101341
30.7709820275
1.5872812341
0.0
5.39746782727
1.89765916038
0.0
0.0
0.0
6.05302347415
7.28058019141
0.0
0.0
6.05086081635
1.24525982489
5.19374692337
0.850377506167
0.0
6.06206133802
1.24685259313
0.0
3.8652320793
2.19952527469
6.07252392577
0.0
5.31231317623
1.98052694692
0.0
6.04080007379
0.0
0.0
0.0
6.04639668149
0.0
0.0
0.00782502198733
7.28546078402
0.0
0.0
0.0
0.0
6.04692273339
0.0
0.0
1.24718868185
0.0
6.05077314103
0.0
0.0
0.0
0.0
4.58744288547
1.46748022054
0.00782502198733
1.23818004309
0.0
1.09417333593
5.03449932371
0.0
0.0
0.0
6.1295201877
0.0
1.24260764657
0.0
5.23589683172
0.818938598967
0.0
0.0
0.0
0.0
6.70822841977
0.682289312105
0.0
0.0
0.0
0.0
0.0
0.0
0.0
0.0
7.29566034582
0.0
0.0
0.0
6.05085351007
0.0
0.0
0.0
0.00781771571096
7.28413104172
0.0
0.0
0.0
6.04555645971
0.0499393839202
0.0
1.0774645947
1.40436435775
1.41552322698
1.34601449275
1.45440017634
2.79232793299
1.37922246101
1.45426241252
1.38204661928
1.41497217171
1.40064473467
1.13392709539
0.635139416984
1.73180828787
1.88014547859
2.19907560478
1.39813743318
0.693193089767
1.38998181518
1.5262991128
2.78654874084
1.36897283298
0.832444756709
1.96770127294
1.42194302088
0.938364467956
1.2775114344
1.35487270623
3.38212238938
1.22567779798
0.883589574034
0.883093624291
1.58252052681
2.32231222792
1.41774811264
2.74687964953
1.42039317794
1.29079186642
1.3462831322
1.37794125751
1.56058852703
1.37025403648
0.339594698848
0.0
0.0
0.0
0.280735107731
1.47618752411
1.26228853254
1.5379401554
1.37529619221
2.63012481402
1.53099685898
1.23074061828
1.33077092632
1.60904694991
1.09848046509
0.0541411803604
3.08212101174
0.178156169064
0.0
0.0
0.0
2.44083044029
1.38161266325
1.43294346173
1.36292500138
2.82622472034
1.36639664958
1.38651016697
1.41059128231
1.40271119193
1.43031217281
1.29906458368
1.34695128671
2.92976800573
1.35435609192
1.34479528297
1.36689259933
1.4993938392
1.36242905163
1.27884774343
2.89968038794
1.41851959001
1.41078415165
1.38615198104
1.00965035543
1.77966054995
1.33473852427
1.34231553425
2.87777594093
1.35584394115
1.34939659448
1.35361905549
1.48512150769
1.3363090318
1.33077092632
2.88984405136
4.7893982242
7.46003569864
1.19754973533
0.00752252675422
3.16933674809
0.00752252675422
4.36206110912
17.4073657196
12.1526244119
0.0
5.81164709797
1.19894045457
0.0
5.81677449716
0.0
5.80899208853
1.19632056429
5.33491837865
0.47188227351
3.90009648993
3.10737950392
0.0
5.81351543795
0.0
0.0
5.8272259629
1.19816080894
5.82577202916
0.0
5.83526122957
0.0
5.81300269803
1.19742330631
5.80728529674
0.0
0.0
0.0
0.0
0.0
0.0
1.19555496633
0.0
4.37128340382
1.44652359701
0.0
0.0
0.0
5.81113435805
0.0
1.19694568557
0.0
5.81483591884
0.0
0.0
0.0
0.0
5.82135403726
0.0
0.00751550291972
1.19031518579
0.0
5.81285519751
0.0
0.0
0.0
5.83996719869
0.00751550291972
1.18907196709
0.0
0.0
5.07551412274
0.733112726398
0.0
0.0
5.8114504306
0.00752252675422
1.19077173504
0.0
0.0
5.80781910817
0.0
0.0
0.0
0.0
0.00752252675422
7.0025803812
0.0
0.0
0.0
5.81185781301
0.0
0.0
0.0
3.86396588524
3.14964893997
0.0
0.0
0.0
0.0
5.81135209692
0.0283497421799
0.0
1.46828359511
1.42082237278
1.4303955567
1.34700698452
1.46676249154
1.41441001416
2.33281466958
0.726026919347
0.715839711967
1.00735432642
2.20032515333
1.89087826287
1.26080646399
1.48032682794
2.8726319976
1.40212256746
1.07736695577
1.21768527111
1.90823140311
1.40563924726
1.43274000991
1.39790813372
2.22845161425
2.03052673444
1.21336617428
0.862982060746
1.66671085775
1.88311923917
1.44911629465
1.40884891534
1.41038397399
2.64141030024
1.61359085105
1.36082251233
0.347732648604
0.347732648604
0.347230265774
0.347230265774
0.347230265774
2.77602098844
2.23427785957
1.4241995018
1.43787547883
1.28732809088
1.28640705569
1.66004033018
1.3154545518
1.51887075504
2.77039011422
1.44946517161
1.19107991376
1.66414312329
1.39419608281
1.38010145342
1.35943398201
0.0
0.367374421736
0.0650585764424
0.204553542148
1.26741419371
1.11791343665
1.27019125435
0.218787722322
0.0
3.66952280609
0.853974057509
0.0
0.092982688725
1.30828861894
1.29910617722
0.577593725797
0.0
0.0
2.32902586574
1.66602008136
0.542510658191
0.0
0.0
0.0
0.0
0.0
0.413168012169
3.2882561036
0.840430653726
0.0
0.0
0.00746596705206
0.895050831374
0.957681224139
1.38678593607
0.0
2.40053866603
2.09797162933
0.0
0.0
0.0
1.28619772951
1.98962439906
6.244368368
11.152643073
7.6270765957
0.0
1.67602395461
5.11880808851
0.0935941127506
0.0
0.0
0.0
5.61285085526
1.25273974195
5.70175527698
0.0
5.6979883739
1.17399976069
5.70202384959
0.0
0.0
5.69736859095
1.1817883665
5.68535857457
0.0
5.69373941742
1.17222993603
0.0
5.69685210515
0.0
6.88848124769
1.68780671724
4.02452618884
0.0
5.72114759701
0.0
4.05665160537
2.8181668714
0.0
5.699172848
0.0
0.00740296307901
5.69159083651
0.0
0.0
1.17267755706
0.0
5.7070234321
0.0
0.0
0.0
5.69701049413
0.0
1.17404796604
0.0
0.0
5.0380848018
0.663546518584
0.0
0.0
5.70653449221
0.0
0.00738230364716
1.16753335853
0.0
5.70068098652
0.0
0.0
0.0
5.72428783065
0.0
1.17121762387
0.0
0.0
0.0
0.0
0.0
0.0
5.70374546891
0.0073685306926
1.16649350046
0.0
0.0
5.69423524379
0.0
0.0
0.0
1.17217484421
5.70181725527
0.0
0.0
0.0
0.0
5.69769914186
0.0
0.0
0.0
5.70186546061
0.0
0.0
0.0
5.69720331549
