41.2327312508
4.38673439092
0.0
11.679919972
0.0
8.84273368479
4.01117325409
0.0
11.6146065422
0.0
12.8109114868
0.00158344232873
1.37424962576
10.2484167806
0.0
11.6264538292
1.1926316437
6.82609862456
4.80407843389
0.0
12.8127303057
0.0
11.5990431586
0.00158344232873
0.0
11.6192498799
1.19023508234
11.6215965129
0.0
1.68660145666
11.1528476552
0.0
11.6833864268
0.0
11.6648915351
0.000527814109577
1.1925389196
11.621518054
0.0
11.652687617
0.0
0.0
9.70117340566
1.92884673509
0.0
1.1909626099
0.0
11.5968748412
0.0
0.0
0.0
11.6294210004
0.0
1.19268870469
0.00242509185481
0.000520681486474
0.0
11.6347989982
0.0
0.0
0.0
11.6204124974
0.0
1.1949782767
0.0
0.0
11.6217249001
0.0
0.0
0.0
0.0
12.8719738732
0.0
0.0
0.0
11.6114467902
0.0
0.00355917892809
0.0
0.0
11.6329730467
1.1933092429
0.0
0.0
8.88034400641
2.78734351694
0.0
0.0
0.0
1.19355888471
11.6204624258
0.0
0.0
0.0
8.73971720933
2.90837699836
0.0
0.0
0.0
12.8312608605
31.5260149422
11.8476388497
1.8291161545
10.8970538483
0.0
12.689885819
0.00102903862419
0.0
11.4616154497
0.0
11.4724062588
1.17841838173
0.0
11.4929306456
0.0
11.5122779814
0.0213701719763
12.6824781505
0.00156470256555
0.0
12.6890682267
11.4684381167
0.0031294051311
0.0
11.4910205808
1.17723428249
11.4951508317
0.0
3.62277276572
9.12204680011
0.0155553989287
11.5855793628
0.00106427967296
4.15973357767
7.39854806879
0.0
12.6761136171
0.0168593177333
11.526747956
0.0
0.0
11.4991894559
0.00365097265295
0.0
1.17850296025
0.0
0.0
11.4645686496
0.0
0.0
0.0
8.12654355794
3.36695799267
0.0
1.19620101494
0.00233295742881
11.5138215393
0.0208063151959
0.0
0.0
11.5037144065
0.0210177614886
1.17949675782
0.00154355793628
0.0
11.4843036369
0.00260783760925
0.0
0.0
0.0
11.544925289
1.1773118128
0.0
0.0
1.28964617987
10.1814279673
0.0
0.00345362277981
0.0
4.31255286157
8.36766281365
0.0
0.0
0.0
11.5501127714
0.000514519312095
0.0
0.0
0.0
12.6796518184
0.0
0.0
0.0
0.0
11.510685086
0.0
0.0
1.17820693544
11.4934522131
0.00546236255991
17.5169793864
24.0541166618
0.313115826819
10.9384927715
0.0
11.2238382966
1.15206510234
11.1763666959
0.0
11.1827365992
1.14634869889
5.72108800836
5.48507139915
0.0
12.3658326232
0.0
11.2156592308
0.0
11.205595334
1.17065889117
0.0224459981306
11.190668023
0.0164269210959
0.0
11.2055471814
1.14874257181
11.207727807
0.0
11.2340328934
1.15223707597
7.53636597364
3.72964713591
0.0
11.2493660622
1.15060676596
11.2091035961
0.0
11.2387656077
0.00203616777403
0.0
0.0
11.2203093978
0.0
1.14815098253
0.0
11.1772128062
0.00101808388702
0.0
0.0
0.0
11.20999098
1.14830919827
0.00150648899498
0.0
11.2201099083
0.0
0.0
0.0
0.0
11.2001884831
0.0
1.15172115508
0.0
11.2048868027
0.0
0.0
0.0
0.0
11.2579509858
1.14881136127
0.0
0.0
6.80298099089
4.38496984872
0.0
0.0
0.0
11.2111397638
1.15337898087
0.0
0.0
9.8737146046
1.37358089511
0.0
0.0
0.0
12.3466197293
0.0
0.0
0.0
0.0
11.207734686
0.0
0.0
0.0
9.67150113202
2.68996336102
0.0
0.0
9.16438622896
0.248471745999
5.23024133669
22.7106358122
22.5890607516
0.0
10.8646119467
0.0
10.8855708588
1.11494057881
10.0033577715
0.90899503354
4.25886429104
7.76450472871
0.0
10.9224946454
0.00101618967314
1.09480397818
10.9205892897
0.0
10.8896088756
0.0
10.9114368972
1.11623755774
10.9049185753
0.00147748630108
7.61481063021
4.44417182631
10.9641316801
0.00151091359296
0.0
10.9377374905
0.0
12.0167169887
0.0
10.9274819973
0.0
0.0
10.9020505137
0.0028881180184
0.0
1.11618407407
10.8635489589
0.00192541201226
0.0
0.0
0.0
3.3984725399
7.49808252697
1.11779526954
0.0
0.0
10.9046311006
0.0
0.0
0.0
10.9020638846
0.0
1.12003489809
0.0
0.0
6.59555233168
4.30657840747
0.0
0.0
6.33157032225
5.73689211425
0.0
0.0
0.0
10.8798949046
0.00047466754469
0.0
0.0
5.42413300051
6.59771842019
0.0
0.0
0.0
10.9352705563
0.0
0.0
0.0
10.275114969
1.72891970514
0.0
0.0
0.0
10.8953516844
0.0
0.0
1.11673896711
10.8990821701
0.00195883930414
0.0
0.0
9.67244763824
1.22277033696
0.0
7.36505076505
26.1925353925
0.000507650507651
11.6978192478
0.0010296010296
3.9263978264
7.74401544402
1.19692549693
11.6259330759
0.0
11.6276633777
1.19405834406
0.0
11.6538753039
0.0
11.6585228085
1.19654654655
11.6633848134
0.00045045045045
11.6501573002
1.19823394823
0.0010153010153
11.6328042328
0.0
11.652016302
1.19762619763
0.0
11.6543472043
0.0
11.6961389961
1.19648219648
0.0
11.7143286143
0.0
11.699034749
0.0
9.56066066066
3.3116044616
0.0
11.6859287859
0.0
0.0
11.6608179608
0.00363935363935
0.0
1.19436579437
0.0
11.6207207207
0.0
0.0
0.0
0.0
11.6553768054
0.0
1.19557414557
0.0
0.0
11.6603675104
0.0
0.0
0.0
11.6468968969
0.0
1.19738309738
0.0
0.0
6.55926640927
5.08719433719
0.0
0.0
0.0
12.8995066495
0.0010153010153
0.0
0.0
11.6312455312
0.000514800514801
0.0
0.0
0.0
2.94491634492
9.91396396396
0.0
0.0
0.0
11.6931073931
0.0
0.0
0.0
1.1953953954
11.6407550408
0.0025168025168
0.0
0.0
0.0
11.6542042042
0.0
0.0
0.0
