8.00360748067
6.10221752975
5.94065727762
5.44697455187
1.81645017878
1.31680406661
1.82579348679
5.03076899909
3.08064124809
6.19500139715
3.08663809908
6.04228917739
2.9564073776
6.02318760071
2.88820658348
3.2794609527
6.13267698156
3.03893770068
3.97629369845
4.16354135468
1.44961825292
1.46079541937
0.852001264961
0.0025968506493
0.295585855865
0.000348031530318
0.000696063060636
2.85611406064
3.03387785767
2.42045220674
0.156279542941
0.296148060644
0.000348031530318
0.000696063060636
0.297493336367
0.00104409459095
0.295927194481
3.30636646716
1.40486942961
1.47723321626
6.04102421664
3.02127510052
2.71382940097
0.991822932266
0.295378375529
0.00104409459095
0.298162627772
0.000348031530318
0.000696063060636
0.000428346498853
0.29691774576
1.74284151012
5.64096197254
3.13351526905
1.41514974559
0.00208818918191
0.293959477752
0.00104409459095
0.297111840267
0.00260354356334
0.871370558206
0.00260354356334
5.32076627173
2.60947348518
1.4611434509
0.811221339687
0.30115436035
0.000348031530318
0.000696063060636
0.00117795287185
0.293557902909
0.00104409459095
3.94234723842
3.08345227199
2.29840691913
1.35642611776
0.297888218296
0.294729162867
0.00104409459095
0.295940580309
6.04076466181
6.10218540579
6.08508725299
5.48841998635
2.9280703884
1.48063439974
1.44054448877
5.14026194732
3.06696525368
5.92551119073
3.04068513162
5.85201525305
3.09153756964
5.69744205807
3.32584186888
3.22887866624
3.02159788701
2.17766038936
4.56270201714
3.10400120551
6.21070811166
3.07880604262
4.73357638874
4.10981193204
0.279885978828
0.000696516996438
0.00139303399288
0.296475138445
0.000348258498219
1.45142086956
1.32177494632
0.00208955098931
0.29768734591
0.986917703001
4.77782530985
1.6494661013
1.421189353
1.39986521726
0.890858633002
0.296475138445
0.00104477549466
0.294660175887
0.897053615903
6.12569285442
3.01970925438
6.03178361092
1.02867523639
0.00313432648397
0.00104477549466
0.000428625843962
0.295269628259
0.000348258498219
0.220655245016
1.97646743657
3.02075402988
1.35448445603
0.00139303399288
0.0972578829065
0.201440752104
0.00104477549466
0.000428625843962
2.34581566577
3.01523547214
2.6652758651
1.45230491036
1.02523283508
0.000348258498219
0.000696516996438
0.000428625843962
0.294847699694
0.000348258498219
0.171698136901
2.10391665237
3.06931599854
2.99679786357
2.35714746152
0.00104477549466
0.29588577791
0.00104477549466
0.295617886757
0.00104477549466
5.46306171705
6.03609155892
6.06580471591
5.44898245897
3.05229835307
2.54024946601
2.59864608282
2.79615949875
3.04006312784
6.1975521137
3.05978216521
6.13634906734
3.0580727333
3.04761424044
6.01454867885
3.02199968201
2.96038610279
2.70788147378
5.91677455773
3.0780407824
6.13179955565
3.06069072154
2.80681316296
2.91641197645
1.92035157765
2.87074860835
0.232523119814
0.000430723000524
0.296795067549
0.00104988731378
0.000430723000524
0.295960541735
0.000349962437926
0.000699924875852
1.20065382405
0.592789259518
2.45160128847
2.45748334944
1.39722503342
1.7158725632
1.8716529584
0.686585922929
0.00104988731378
0.296875828111
0.00104988731378
1.64294577517
6.25602949107
4.3744631736
2.68328988247
0.00314966194133
0.000430723000524
0.296297044079
0.000349962437926
0.000699924875852
0.826348806552
1.91576841572
2.31415354097
0.00104988731378
0.295590389157
1.13422826132
2.81665249151
1.74701249013
0.000349962437926
0.000699924875852
0.296061492438
0.00104988731378
0.000430723000524
2.23037118732
3.07279134583
3.05221086246
3.49198577605
1.58950247287
1.12747802429
0.000699924875852
0.0013998497517
0.296202823423
0.00104988731378
0.296983508861
0.00104988731378
0.816778679884
4.28039057827
2.24972007211
1.26939452292
8.83646701762
4.74309021153
6.36470524387
5.17085544196
2.09808088103
1.44741897911
4.53497539002
3.00782259108
3.06264167957
6.22618468128
3.11430133967
6.18195936327
6.03994539466
3.0035610365
2.84098072532
3.09866450694
5.92497025512
3.07382325069
2.83277155513
2.96256194241
0.248960285885
0.00208402042273
0.169340018452
5.16231897369
3.01337329932
2.49872712775
0.573165732225
0.0031260306341
0.293820161395
0.000347336737122
0.000694673474244
0.30019245461
1.6164584177
2.96640936473
1.44390553443
1.48787034988
1.73893469485
1.83667658859
0.294995762659
0.00104201021137
0.0972342477363
2.96761168421
6.0722343521
3.00160392758
2.93689910118
1.96546504298
0.00138934694849
0.00376726768725
0.290386871339
0.00104201021137
0.295610281501
0.000347336737122
0.181009196909
2.90768273795
2.94364544935
2.72712107107
2.3028024898
0.299751604136
0.000347336737122
0.000694673474244
0.293840200053
0.000347336737122
0.000694673474244
0.000427491368766
0.297587429082
0.00104201021137
0.000427491368766
5.50806597728
6.05019850795
1.91659075633
0.00208402042273
0.0941549739706
0.200867506899
0.000347336737122
0.000694673474244
0.293713288553
0.00104201021137
0.294488116658
1.67145117456
2.96041112646
2.90776957213
9.65114365613
8.15804191941
6.50691165552
6.02828610194
3.16837152775
2.80692814473
1.50317940339
5.1216108196
3.11779570293
6.21368168803
3.03872787036
6.18833685856
2.98827257577
3.09125896339
3.94753921627
4.6810125544
2.90647272459
2.34867220046
5.12624453743
3.12168615099
6.13123900894
3.04960237578
5.89163160269
3.05919792152
1.9750150872
0.0273201860518
0.00104459534904
0.578297359802
0.00104459534904
0.893724978468
0.550367826463
1.75668796313
2.93498482072
2.88104754164
2.03902333683
1.30068191653
0.531270480723
0.00034819844968
0.00069639689936
0.583085088485
0.00104459534904
0.00377661395422
2.43664587799
6.24106213919
3.11081834169
2.91258628584
0.742493017198
0.00313378604712
0.581397665229
0.00104459534904
0.000428551938068
6.1223398601
1.48546815533
0.578799569104
0.218735587639
0.363311601621
0.582837331896
0.00104459534904
0.87253844203
0.75192785596
2.91620219281
2.91567989514
3.58939032628
0.406079745815
0.495305598546
0.00104459534904
0.0135663472895
0.564175234218
0.00104459534904
0.133366702351
5.00596206144
3.0327482316
2.00760512287
0.791548821859
0.585636311741
0.00034819844968
0.00069639689936
0.577821934996
0.00104459534904
1.59295433829
