3.68808429934
5.40042102193
2.72787621311
1.32163243921
1.58373427632
1.55653656473
1.40833955766
1.60071758551
1.70969155862
1.69864291219
1.75004048288
2.63637388714
2.46602532745
3.56632536704
1.34135586697
2.19635425189
1.38424143565
2.15153567877
1.1875701032
2.63773038149
3.07954058928
3.08862231891
1.01962253849
2.27416954992
1.71254697921
2.21009553959
3.08602463224
1.73900540139
2.18899527007
1.77036076815
2.0593618881
2.11770470983
1.76512469998
3.62367116542
1.64183292907
2.17828574723
2.148361482
1.39813193773
2.19903332822
1.64772011452
3.19920373782
2.52010197446
1.74011094428
2.10347508417
1.78457682887
2.02487301941
1.71840703478
2.27303009467
3.80643843084
2.20024739066
0.973583120463
2.11618543617
1.78834110068
1.79936261722
2.18520386838
4.27463923609
1.72527089616
1.80877668797
1.17922766299
2.3560746784
2.08281567531
1.32033020464
0.580932267694
0.00043407819003
0.29754025185
0.000352688529399
0.000705377058798
0.298747531816
0.000352688529399
0.000705377058798
0.00043407819003
4.80945747857
0.984251948477
0.0010580655882
0.0010580655882
0.00043407819003
0.303230745623
0.878221568091
0.168971717941
1.76692883746
0.0010580655882
1.73567520778
2.68903978004
1.55025599592
2.77915169931
2.54470878186
1.68847598708
1.90879101594
2.16830194886
0.00211613117639
0.0010580655882
0.298150674305
0.0010580655882
0.298232063965
0.000705377058798
5.7707222524
6.75698007418
1.94871330557
2.17991589706
2.09952180707
3.12322354346
2.08612838105
1.68782653602
1.87365780702
1.31771325862
1.91011582597
3.79314970188
1.69500949008
2.18094874013
1.73364721032
1.74523651436
2.13369281638
1.65144229157
3.51694466241
2.16139849634
1.74136670624
2.04614930618
2.12950778992
1.14360542712
3.6867065049
2.49330328699
1.75531008766
1.31148937312
2.41416336358
1.44852216253
2.54609229861
3.12842799944
2.1501109971
1.45228466228
2.35293052454
1.74639007934
1.75341207085
3.14762278425
2.73026699664
2.31108025995
2.05447241169
1.31785410086
1.84397362897
1.37169607587
3.92927037015
2.03154195422
2.06318451004
2.17697162364
1.31847112399
2.1907808696
1.75612831398
3.38274883805
2.16304165577
1.74681931282
1.75178232497
2.14034593536
1.31814919888
0.348215662998
0.000429233482894
0.294568184409
0.00104625661456
2.44574555844
2.17112331744
0.434759863987
0.294910229841
0.00104625661456
3.7787972073
0.00104625661456
0.296539975721
0.00104625661456
1.91499165007
0.000348752204852
0.000697504409703
0.000429233482894
4.93759347565
1.76728838454
1.74223187998
0.517729354875
0.00104625661456
2.14671736987
1.77275440467
2.61892114847
2.17101600907
0.076276131265
0.00209251322911
2.1550337686
0.43021937855
8.42490718064
3.07971425563
2.91459259687
1.79851828703
3.90460241381
1.76800084242
1.77266813638
1.76050056218
2.20383234428
1.75437940956
1.48171976534
2.290010836
3.00684468509
2.12093522516
2.05823587158
1.75636317933
1.78259377898
1.8176222617
2.0984479719
3.90265940643
1.60650024288
1.94613929189
2.05985277983
1.81053639912
2.14379613369
1.67167930867
3.93940670338
1.77166945776
2.21040188322
1.00155236779
2.43534914688
1.90651145253
1.63991181736
3.58358498449
2.34165678745
1.79815821923
1.86767847983
2.07022001501
1.76427787723
2.06983277228
3.91593435896
1.63525131713
2.20820750775
1.83160376237
1.33318840038
2.18584254167
1.80077380609
2.05673445679
3.87237974245
1.89058694449
1.76316370517
1.77028353641
2.11238871018
1.76126825391
1.76255226928
4.25385459375
1.77794686622
0.690351881354
0.000353274069344
0.000706548138687
0.29882230654
0.00105982220803
0.000434798854577
0.299515267214
0.00105982220803
4.66322450907
1.10727642677
0.00105982220803
0.00105982220803
0.300167465496
0.000353274069344
0.882050620098
1.60089541389
2.66162798202
0.665405297073
0.00105982220803
0.000434798854577
0.302314284841
0.000353274069344
0.000706548138687
0.197650048066
2.76809255781
1.98167730452
4.35841013081
1.76857830965
2.07060046401
1.71210201468
1.41559637079
0.503551423457
0.000706548138687
0.299787016499
0.00105982220803
0.299161993145
0.000706548138687
5.26278109609
6.06560117364
3.10506968459
1.54763575396
3.89696489574
1.51769799853
1.55233700094
2.60629487583
1.3225996018
1.32439023368
1.77174641098
3.98509483391
2.08154584512
2.05913276747
1.66733312376
0.527907785812
2.38117153935
4.89731782458
0.883472283349
2.60908477418
1.44725306507
2.05496133291
2.09826511579
1.31296908729
4.31872912082
1.29646442419
2.79797296448
1.3177105732
1.36511872577
2.4738082364
3.83942994865
1.9417960809
1.01402074819
1.72077711412
2.86474274337
1.97807817248
3.48648098082
2.15700052394
1.76813832128
1.4695789584
2.0203759824
1.31101079325
2.24216619512
3.30277690454
2.44243529288
1.81541905061
1.39044241853
2.02296468616
2.18468489993
3.07532641727
2.61520779629
1.73649711831
1.6142311642
2.18293450697
1.33931887247
2.31579000314
0.598822173321
0.00139494917741
0.294636068322
0.00104621188306
2.93231730064
1.93081756261
2.16510866604
1.15999413182
0.980327360369
0.00313863564917
0.296661427224
0.00104621188306
2.50031227077
1.33803793356
1.01336351252
0.000348737294352
0.00112668972021
0.297734465053
0.000348737294352
0.426398407209
3.21020056586
1.43273352195
2.18021837996
1.67965964581
0.65463355339
4.56565524468
0.00209242376611
0.294542177512
0.000348737294352
0.000697474588704
0.295320129938
7.13265669214
6.0767236559
2.08455190877
1.57164206923
1.77939237847
1.98984699324
2.1869359676
1.76174322653
3.08680549672
2.20310757917
1.55345070065
1.96883609807
1.56490502736
2.39228019045
1.37269600285
4.53598793568
1.76777538675
1.32311029026
2.19708897436
1.7697341444
2.20775708694
1.77166579121
3.55128183405
2.06344612569
1.77813850247
1.77082535541
1.81477201484
2.45484521409
1.34330786045
3.97524103224
2.20322957792
1.54246403579
1.84611213718
2.2021315892
1.76426453395
1.77212667536
3.72889167528
2.30288222038
1.77796905976
1.54257925682
2.30696917837
1.81420946507
2.09973397496
1.55027873325
3.67108460274
1.86768558212
2.13852957622
1.89049256994
1.65362522663
2.05925072437
1.81055628039
3.96447125405
2.36740600166
1.76328854398
1.37092024332
2.58781029195
0.647216903604
0.00105732246641
0.29811749157
0.000352440822136
0.000704881644272
0.000433773319552
3.10884660352
3.33778402833
1.75730382771
0.731226595727
0.298951149669
0.00317196739922
0.299459477778
0.000352440822136
0.000704881644272
2.04320788925
2.84709829371
0.00105732246641
0.300625243574
0.00105732246641
0.000433773319552
3.05765457411
3.81709676873
1.39117203518
1.92645508921
1.92812240541
1.82306792958
2.0815697172
0.722530796211
0.00211464493282
0.297670162834
0.00105732246641
