1.12075557646
8.7153520201
18.0618660265
21.745907453
24.3491267588
9.00379572208
0.00274351986324
0.00274351986324
0.78454968776
7.46960001593
1.43358612167
0.00274351986324
0.308964676316
0.284203716742
1.87658144262
3.70613507505
0.00137175993162
0.59095140731
1.22951951164
3.21758069698
4.20467974515
0.046833823928
0.00137175993162
0.00347789639229
0.668088655182
4.3260458587
3.38877356522
0.00137175993162
0.592253886437
0.00137175993162
0.240023347631
0.447796480708
0.00364417032339
0.000748232689974
3.33119428849
4.39456457447
1.43754898369
0.00137175993162
0.599632292129
0.00137175993162
0.924011947475
5.05063993813
7.58004747467
1.71686840371
0.00288208147249
0.594463944104
0.00137175993162
0.598412949968
0.00137175993162
0.59214996523
2.82593630842
2.02969202084
0.00137175993162
0.00191215020771
1.18826279248
2.93520599348
0.89818406351
0.00274351986324
2.96135256915
2.2838555807
0.00137175993162
0.00137175993162
0.350110546184
0.248600311244
0.00137175993162
2.33844192666
7.86569223215
0.00411527979486
2.3185721919
8.41647462894
0.708313090348
0.00274351986324
0.000540390276093
0.598489158853
0.00091450662108
1.06821870933
5.92493318343
10.2907860657
10.1948007374
9.50072386412
10.6512953426
13.9525699112
10.8648055803
11.6576135624
2.54114756764
0.00272513550409
1.36534794079
5.58761508493
4.91099697121
0.595414581023
0.00136256775205
0.58085299838
0.00862959576296
0.00136256775205
0.00254621246595
8.28042745402
1.15845785545
0.00136256775205
0.583227169463
0.00908378501365
0.00240857935968
2.52331719872
0.588367765982
0.00136256775205
4.71685171151
0.00181675700273
0.00272513550409
0.591306232801
0.00136256775205
0.583640068782
4.02053141863
11.5936554579
1.70795803223
0.00408770325614
0.591258061214
0.00136256775205
0.00104601160763
0.589400014279
0.00136256775205
1.82554487656
4.39328316033
0.732793066044
0.00136256775205
0.255199305641
0.336237678611
0.00136256775205
0.00856766086514
4.17976604092
1.90394069389
0.00272513550409
0.599357769518
0.862911404709
0.0261502901908
0.00136256775205
2.69240635142
3.12905426271
0.00408770325614
2.27407052492
7.24025837175
0.000908378501365
0.00181675700273
0.565217877508
0.0303962715192
0.00136256775205
1.3200253589
5.41589025824
1.02694942241
0.00181675700273
0.000454189250682
0.596378012767
0.000908378501365
0.00448256067992
1.14536964847
11.2896169433
22.4762994885
28.9263753116
9.76373683805
0.35067469735
0.21421019714
0.00224813440828
0.000740239378336
1.83682176852
7.72347946778
0.00452368508983
0.0027142110539
0.0386363831081
0.0851001122354
0.299351433785
2.24314464654
0.00285129242026
5.20847505548
0.26107146223
0.0027142110539
0.0813235205922
0.00413985726403
10.5216322964
0.181660226698
0.0027142110539
0.298097139283
0.00135710552695
0.29815197183
0.00135710552695
0.89396242257
0.0113914615444
4.16081015088
0.24607476075
0.0027142110539
0.297555667886
0.00135710552695
0.295492593322
3.82648240646
8.40764571321
4.99831561271
0.00135710552695
0.299570763972
0.00135710552695
0.301106075275
0.00135710552695
0.598346456018
6.65697272938
4.87495609112
0.00135710552695
0.191084570635
0.111358047961
0.00135710552695
0.296349351862
0.000904737017966
0.000452368508983
0.299385704127
0.884147396739
0.00135710552695
2.63080389654
2.27217847994
0.00135710552695
0.00135710552695
0.30165440074
0.00135710552695
2.98154713457
10.7309623969
0.292764674132
0.00407131658085
0.267349788809
0.0296095751334
0.00135710552695
2.53612179679
2.30537958687
0.298611194407
0.000904737017966
1.11932844109
5.48465893992
14.899123076
15.3278210448
15.1782329334
15.3442148225
11.9836471045
6.73479691748
0.0017988185033
0.000899409251651
0.299053576174
6.26240946288
0.014022607878
0.00238479725816
0.585038463373
0.00134911387748
0.965638478363
5.94189271138
0.00404734163243
0.44076504296
8.38744778997
0.0268596308334
0.00566900376798
1.59244496229
0.901153560502
0.689117829426
0.0337959840014
0.806408972289
0.979197754202
6.78351491861
3.64428364097
0.00134911387748
0.58681002705
0.00134911387748
0.295769369664
0.301670039451
0.00134911387748
0.000531469103248
3.67549041652
7.22664431771
0.0122237893747
0.00134911387748
0.305342627229
0.27928020005
0.00134911387748
0.00207136676138
6.48095228361
5.84880385383
0.00134911387748
0.272391542828
0.315379216833
0.00134911387748
0.582667293528
0.00134911387748
0.587327868741
0.87669235434
0.00134911387748
1.50443912975
3.64103350299
0.00134911387748
0.00134911387748
0.589276588786
0.00134911387748
4.74597139606
4.66328706827
0.0017988185033
0.304845226658
0.0106157546521
0.587545907347
0.00134911387748
2.26255255071
3.40032569517
0.00269822775495
0.00134911387748
2.66270108951
3.45648426374
7.44390731436
17.5755042829
20.9939830659
19.1332547762
18.7246073834
11.3008863675
0.0038074052269
0.00279209716639
3.10582030634
6.23113593759
0.51800453187
0.00186139811093
0.000930699055464
0.00107171406387
2.91748771186
0.0013960485832
0.349498647578
5.04994487195
0.62455547222
0.00586622434959
0.00214342812773
9.70255175471
0.0107876481429
0.00279209716639
0.610122586109
0.222535784762
2.38086214813
0.606075455368
0.0013960485832
3.80948519827
14.258669118
0.349999250858
0.00279209716639
0.0432704553286
0.875315410913
0.11881219533
0.299945973625
0.315069833276
0.0013960485832
2.44335294911
7.27815122273
1.66152343802
0.00186139811093
0.608218883496
0.0013960485832
0.0875985232203
0.000930699055464
2.23565899398
4.88706548649
0.00418814574959
0.0013960485832
0.599377242469
0.00791094197144
0.0013960485832
0.319095811766
5.57569112778
0.350605615394
0.00279209716639
0.606829885663
0.911760739835
0.0013960485832
2.70320130509
4.44128179117
0.0013960485832
0.00279209716639
2.68183753132
6.48621093554
0.00279209716639
0.00424455175295
0.601612330352
0.0013960485832
0.940823933067
6.21551852541
0.236757148359
0.00648669038657
