1.06139567075
9.44537126467
22.4936548682
24.9509554283
6.11986454078
21.1435664616
2.35940079781
0.00136354480329
0.00136354480329
0.494519135251
8.15560938573
0.00409063440988
8.58009190154
2.41905932625
0.00181805973772
0.00309896546203
0.592198526614
0.00136354480329
0.58929927226
0.00136354480329
0.91002153781
1.06789661163
3.43939714792
0.212120742581
0.00181805973772
0.592639268369
0.00136354480329
1.45214078256
11.7342809281
0.00272708960659
0.00104676166717
0.590635270703
0.00136354480329
7.70093605973
1.67214667059
0.00136354480329
0.000454514934431
0.589202860001
0.00409063440988
0.00136354480329
0.00829834084832
5.41358965221
0.00272708960659
0.00104676166717
0.587398573443
3.49119119067
0.3223957069
0.00136354480329
0.594064792481
0.00136354480329
0.00104676166717
5.25275334473
1.12705930559
0.00409063440988
2.22862445531
6.67345684432
0.00272708960659
0.442105299403
0.146009479391
0.00136354480329
0.911929123217
1.42078613867
0.55743502072
0.00136354480329
2.55207381047
2.31868727823
0.591468548083
0.000909029868862
1.05017609943
8.90408184823
17.8829559283
19.536767036
13.1361157129
15.80292666
8.91813201488
0.00272071686767
1.01712900818
5.61777878545
0.00136035843384
0.00136035843384
0.590052035428
0.00136035843384
2.9967184788
2.78406285131
0.00136035843384
0.00136035843384
1.48542209329
10.4062129906
0.00272071686767
0.589536748142
0.000453452811279
0.000906905622557
0.588829086937
0.298200187393
0.611955180312
0.519505770788
2.8369381973
1.35297951991
0.00136035843384
0.0018962572108
0.591171926462
0.000906905622557
0.000453452811279
1.65144078619
9.81597545171
1.7004343013
0.00136035843384
0.268993704048
0.321298798779
0.00136035843384
7.52196454995
6.51048996092
0.00272071686767
0.591913940153
0.00136035843384
0.591762789216
0.00136035843384
0.719162417694
5.36547351896
0.00272071686767
0.593130018147
0.887544561615
0.303648491625
6.65480475335
0.0290209799218
0.00408107530151
4.28256637115
4.60823480611
0.00136035843384
0.00136035843384
0.59172843673
0.000906905622557
0.000453452811279
0.362927140954
5.35134777684
0.00408107530151
0.00408107530151
1.21849640888
5.01838974441
1.04726962166
10.9762746605
25.0070748996
27.4980339909
13.3114356478
0.00270561106841
0.00270561106841
1.25409172431
13.2247604407
0.461320351866
0.00180374071227
0.585423178751
0.000901870356136
0.000450935178068
0.584275343753
0.944640874541
0.946157656504
0.586734990178
2.01804423947
6.11788538731
0.615034588778
0.00270561106841
0.589871039371
0.000901870356136
0.000450935178068
1.59748569476
0.589932530532
0.000901870356136
0.000450935178068
0.436197796567
3.05514049022
0.459352634725
0.00270561106841
4.39953540012
4.64292424631
0.0013528055342
0.591633785977
0.0013528055342
1.46517721411
8.89726535144
0.588832521992
0.0013528055342
0.358636945939
0.229389358613
0.0013528055342
0.00103851737979
2.54129302246
4.35994875737
0.0013528055342
0.0013528055342
0.588928174908
0.0013528055342
0.714718592536
5.33297121872
0.00270561106841
0.295178068153
0.296011614997
0.880362114613
0.45804765565
4.69870356136
0.0013528055342
0.0013528055342
0.591790930054
0.000901870356136
0.000450935178068
0.29655137074
9.66533094201
0.0220958237253
0.00405841660261
3.50946451448
1.58930053805
0.00270561106841
0.588292766248
0.684198479802
1.9315740029
0.00213496991477
0.339920161736
0.0544588949643
1.05196352016
0.345377721486
12.5776226321
17.6609516749
13.453344729
22.5904873704
10.9425171364
0.836166802248
0.00608226155784
0.00104345796478
6.34316037331
3.2505363168
0.00135924129622
0.000535458692451
0.588578940684
2.24318748949
0.00827215031287
2.18530989672
4.78633481957
0.000370702171697
0.00407772388867
0.907238646388
8.96471807757
1.46596233254
0.00271848259244
0.00135924129622
0.272239555981
1.1084406825
0.00433858837986
0.00104345796478
0.906105945308
0.591674990303
2.75762599583
1.35476541074
0.00271848259244
0.590768829439
0.00135924129622
0.302204648193
3.77374124302
14.8713217249
2.86048898362
0.00407772388867
0.58981461459
0.00135924129622
0.584926837808
0.00543696518489
0.00234778042075
0.0749092981029
0.00208691592955
9.48525944003
0.0172170564188
0.00271848259244
0.296582331923
0.294694496789
0.00135924129622
0.58884667003
0.00194961882892
3.81060551454
0.00498388475281
0.591592612043
0.00135924129622
1.67447543926
5.36479496394
0.00407772388867
0.498738582888
8.42730290143
0.446277360738
0.00135924129622
0.594407202606
0.00135924129622
3.48455922482
2.81731591033
1.06650789579
6.17909938136
18.5819095572
16.6532758075
19.4009270595
12.2267529497
0.594656410617
0.906119570598
3.34512847658
3.16204323704
0.0013589322773
0.582892724136
1.38611092285
5.24713264432
0.0122303904957
0.00376108529273
0.590195269303
0.0013589322773
0.00104322073813
4.70932490063
1.06162809352
0.0027178645546
0.00208644147626
9.17365078357
0.217401711191
0.0013589322773
0.207820552306
0.382910053954
0.0013589322773
0.278224225542
2.29787898468
0.524540995744
0.0027178645546
0.592597422318
4.12956183871
0.0027178645546
0.00104322073813
0.586873434847
0.0013589322773
1.4891770138
9.93034957332
10.403635487
0.0040767968319
0.397171979571
0.191602587805
0.0013589322773
0.00104322073813
0.586475363776
0.000905954851534
0.000452977425767
4.35727908128
5.15852065122
0.000452977425767
0.00226488712884
0.592954313623
0.0013589322773
0.31028953665
0.623118492203
3.46188683972
0.00376108529273
0.591464978754
0.0013589322773
1.33712072792
0.901939824351
0.0013589322773
0.606317147684
6.53120697036
3.04495543577
0.0027178645546
0.0013589322773
3.53400633654
2.18702991796
0.00181190970307
0.000905954851534
0.584176160176
0.00860657108957
0.00240215301543
3.54787019108
1.90840762135
