0.0104380129922
0.39827250215
0.0170304422505
1.02701204341
1.58249120465
5.54446749301
4.37102178466
3.87107580037
2.36597864328
2.68721887753
0.817206642341
2.99477178152
3.18715816219
5.54286628306
4.59207585313
4.8455159003
7.3605209627
6.08303010559
6.53731145795
5.19417769243
10.0032677412
2.80994927548
7.15184779796
0.0256796558404
0.292378257378
0.00132652539953
0.294006265823
3.41568231057
2.43125307241
2.21065457831
1.34312036627
0.703225952331
1.10636238095
0.452351860862
1.32167487231
1.55493565431
0.00309522593223
0.0431589728473
0.00101834273095
0.16523280772
3.32084914375
4.19382344985
3.21273062406
3.63985170384
2.70449720584
3.53107662108
2.14814039395
0.51252117709
0.00337661010789
0.0426096037424
0.0617035299477
0.00255925607384
0.290348271539
0.00132652539953
0.871875567898
1.60798997066
0.00536639820718
2.63167900095
3.55987830134
0.73371593765
0.00265305079906
0.940352416931
3.102253837
0.744931106937
0.207581126156
0.0881536424595
0.00132652539953
2.23754686596
3.77264493588
5.41734214222
0.0893729738874
0.00265305079906
0.420448255041
0.0114027587374
0.0030215300767
2.02658243007
0.130360878773
0.189202720002
0.079856784526
0.0249245415135
0.731906807596
0.170384793505
0.169531914313
1.20332384079
1.01569724153
3.01338593892
2.18611359157
2.14351739319
2.51421962833
2.0013321973
1.56869728674
2.85754785292
2.95936115937
2.52541622637
2.52828190045
3.47833473632
0.582748471427
3.46951937699
2.43323704327
3.19921125732
3.20866798181
2.31581945912
9.24633624421
5.03150279872
3.70866670249
2.93772532002
3.31333331628
3.63142313981
4.82478535163
4.42968394856
2.07584654656
6.09033525828
4.26430043864
4.24916695025
0.85360925681
9.03850664265
1.48528570174
0.69064110076
0.846765754171
0.27756782735
0.353678766464
0.277929448127
0.118338693679
0.0658218045389
2.45140678158
4.02020641382
1.63646365583
4.75669829996
0.00432580326295
0.00135096064048
0.0631130602244
0.052298552067
0.307002394032
4.42836710308
3.97529038404
4.69098566395
2.2084385573
0.00135096064048
0.00135096064048
0.368716732381
0.853268105133
0.00352750833903
0.00135096064048
0.893380719301
2.82479729194
1.06475485267
0.584345061275
2.91219352852
0.873812259115
0.00135096064048
0.589912656642
0.000450320213493
0.000900640426985
0.00411428922327
3.84561863166
2.48252663755
0.00405288192143
0.00103710109774
2.55444823407
6.75477591026
1.82363311184
0.00405288192143
0.584474698912
0.0563616579019
0.324411369356
0.625968136966
0.526565442522
1.81117328599
3.13682104079
3.05098826613
4.76447699548
4.20319843144
2.79503289729
2.80232319183
2.13397432226
1.71216138367
1.81506773169
2.1663494288
2.22038654732
4.66847688768
6.97723635849
5.82897454124
5.46281579204
4.54462947179
3.83570559877
4.8871250838
1.33981060057
4.79698685793
2.94019869758
1.22879868478
3.72562349873
2.8065477895
4.92178430296
2.20865604566
3.58997820323
3.78147308419
4.72310693218
3.56237345578
0.0331634285945
0.00311286144061
0.00102414488955
0.581525638996
2.41033173535
1.6286598862
0.00133408347455
0.577907442906
0.0910949928074
0.00133408347455
0.0051072488571
0.569774923947
2.27616875482
3.29236978368
4.25462128537
3.4607203377
4.13758578056
4.08672890144
0.00266816694909
0.174515636739
0.456795571921
0.00206176536975
0.00214935670899
0.000525548035427
0.581714297265
0.00133408347455
0.934276175493
2.03792704989
2.33922104348
0.00177877796606
0.551299889163
0.023521643483
2.50693824474
1.23488965176
0.38278762806
0.20007209441
0.00133408347455
1.55106743522
2.11527020244
2.59093160127
0.00266816694909
0.90591005717
2.69032755792
3.12975309349
2.59554699107
1.67014449202
0.57614214053
0.00133408347455
0.00133408347455
0.206985072414
0.447726499412
0.0463897208195
0.326543922729
0.0616241130818
0.478509725213
1.26080985448
7.94060820613
8.8275516602
8.47332563452
10.8015337109
10.0519518505
11.4323185358
11.4096322557
8.05208968948
3.89134925878
0.00266264580255
0.29820288218
4.99322067518
5.84544887602
0.751188861265
0.27462232958
0.00133132290128
0.0452313593782
0.578903574905
0.00133132290128
0.599512184462
6.40885396968
4.69386801413
0.00133132290128
0.300697431656
0.281124295466
0.00133132290128
0.00102202566159
0.575669401594
0.00133132290128
2.47955528436
2.12931650353
0.00133132290128
0.00133132290128
0.578177398777
0.00133132290128
0.0436109107963
0.00453187694677
10.5299505629
3.70767376537
3.84830315164
0.00088754860085
0.0017750972017
0.302075821529
0.27438027087
0.00133132290128
0.120430931741
0.00102202566159
2.8779704722
3.48738016833
0.430178669585
0.00133132290128
0.577868101537
0.0832749198601
1.8004394038
4.15996046374
0.00266264580255
0.20917234412
0.374316898556
0.862004683164
0.00133132290128
1.62303054142
4.61585114734
0.00576906590553
0.00133132290128
0.00810896676231
6.92421040953
5.65960830194
0.562537716613
0.00266264580255
0.0083443016186
0.567190622915
0.00133132290128
0.578950641876
0.0017750972017
0.00133132290128
0.120599028067
0.30174635273
1.1243627048
0.298295760698
0.139986075973
0.601730068885
0.483399788916
4.89456569523
1.85927153734
4.10301727161
7.70847809018
6.59723127398
4.19156313451
7.15809928481
2.81688878397
5.37801338007
10.3041219567
5.69388694169
6.94035076916
7.31358995281
0.00135477017658
0.299151044901
2.53691663203
4.29608570632
0.00353745546108
0.297248892835
0.00135477017658
0.251918830108
5.18922136637
0.0117413415304
0.00270954035316
0.092350167037
8.36001991102
3.37083925618
0.00489222563766
0.00135477017658
0.297029940079
0.000903180117721
0.000451590058861
0.296188340424
0.00135477017658
0.903330647741
0.383345221784
1.64734579653
2.55138804073
0.0116660765206
0.29657835002
0.00135477017658
0.123564619287
0.608750241618
7.24091132242
11.3266860645
2.32774148522
0.301217411534
0.000903180117721
0.000451590058861
0.00053369734229
0.301395310648
0.00135477017658
1.52137269693
4.78410402993
0.325138000106
0.00135477017658
0.0041190487187
0.346595370176
0.00135477017658
0.299835272263
4.68802482377
0.877507907102
0.0030790231286
0.298234180236
0.882974883724
0.00135477017658
0.306629649966
3.67428724891
1.61954563882
0.00406431052975
0.00218268528449
0.00412589099232
5.35955976812
5.49832107711
0.297351526939
0.00135477017658
0.296448346821
0.104481518164
0.00135477017658
0.00218268528449
