1.07304013027
4.32676683672
22.8954113645
15.8556266679
19.0734206112
7.69692072208
0.00276459572151
0.00106115795371
2.25801846205
0.00138229786075
0.00419576269855
7.2835787552
2.45230112451
0.301040737644
0.00138229786075
0.0015219239073
2.38106391557
3.5739939507
0.00138229786075
0.293172809922
0.00967608502528
0.00244345581446
2.90673503689
4.57814957091
0.296733274109
0.00138229786075
2.17357262911
6.58762668882
0.026319509773
0.00276459572151
0.00106115795371
0.302625493273
0.00138229786075
0.305634434576
0.00138229786075
5.3200316253
3.84601341457
0.00138229786075
0.356388502493
0.00138229786075
0.59902366487
11.023490337
2.4753743287
1.17129497922
0.841623920734
0.00138229786075
0.304496482296
0.00138229786075
0.294143210945
2.29615731667
0.00138229786075
1.11200975986
4.78063526361
0.00276459572151
0.326166444719
0.230327126374
0.681277368887
0.00138229786075
1.97383058823
0.00967608502528
0.00138229786075
2.15655221403
4.58732300217
2.41928654581
0.00276459572151
0.00138229786075
3.11477086493
5.2759237572
0.00276459572151
0.00138229786075
0.00106115795371
0.301410746668
0.00092153190717
1.07850667992
2.24176347767
12.0812650917
13.5205400429
12.7620635847
16.0350748821
13.3014258317
8.54511390148
0.00359393319572
0.00269544989679
0.34218600306
8.00875340547
3.45386509477
0.00269544989679
0.0013477249484
0.58456548633
0.00853559133985
0.0013477249484
0.902853194976
4.83582770221
0.00269544989679
4.80532691689
4.56247096521
0.00269544989679
0.0010346171321
1.15576943693
0.0130280078345
1.18528325197
1.3430691713
0.00269544989679
1.58768805613
1.4393634382
0.000898483298931
0.000449241649466
1.39147836238
6.69122974797
0.935838422753
0.0013477249484
0.0010346171321
1.17327624788
0.0013477249484
0.0013477249484
2.42099728243
9.05476493941
2.97581071952
0.00269544989679
0.583068014165
0.0013477249484
0.886952763262
0.291571443886
0.0013477249484
0.0013477249484
2.21503359953
2.56884543194
0.0013477249484
0.0013477249484
1.51652409484
5.06353195827
0.00269544989679
0.582986333865
0.0013477249484
0.119484665375
5.43248187293
3.92936696066
0.146527651334
0.0013477249484
0.00251847591367
8.4751615313
0.00951575493868
0.0105367586875
0.586096991953
0.0013477249484
0.582128690716
1.92890070228
2.59609261865
1.04196076007
1.76672998055
10.9105123344
9.4038101803
7.72717503508
8.02861572934
6.60008519006
5.86419892132
7.1122146112
6.96064066987
8.24383663494
11.4064370148
9.13926372419
0.00268272462526
0.00134136231263
0.584122639808
0.00134136231263
0.296874642748
0.283874267607
1.86437844709
0.497218620886
9.12749631845
1.43027160046
0.00402408693789
0.583987148665
0.000894241541754
0.000447120770877
0.581263776697
0.21426569305
3.1151852545
0.593444430425
0.00134136231263
0.29956414193
1.93180561424
0.00134136231263
1.82690837157
11.7968276443
9.1456318079
0.100080532548
0.00223560385438
0.00407828339497
0.575925425675
0.000894241541754
0.00178848308351
6.48946344661
2.89818264037
0.00178848308351
0.00304855071052
0.585423354778
0.580525349969
0.00134136231263
0.00134136231263
4.68003343244
0.733826803366
0.585240441735
0.00134136231263
0.580599870098
0.000894241541754
0.000447120770877
4.0725250214
4.825469625
0.00134136231263
0.00134136231263
0.578242324215
0.000894241541754
0.000447120770877
0.231771148685
7.88874144818
0.336885177184
0.00402408693789
1.15770406871
0.00678810624877
0.00134136231263
1.81463287405
1.08716169672
3.9095999252
14.981116181
10.3825197927
8.33717563676
8.17194029031
8.76717048109
10.2145805078
12.057053788
7.14073090408
0.00271766404422
5.29039973167
1.35954575206
0.000905888014741
0.592642919705
0.00135883202211
3.30971676416
3.06741230858
0.00271766404422
0.715884866437
6.640646406
3.07666334679
0.00271766404422
0.00135883202211
0.895834030335
0.279480178124
0.00135883202211
0.000452944007371
0.906958609668
0.822923770725
3.37180440711
0.5035570688
0.00135883202211
0.301200902113
0.288937099975
0.00135883202211
2.23142865231
15.1777830964
1.17120339845
0.00271766404422
0.156814705582
0.439403726665
0.00135883202211
1.90978350477
4.58570807244
0.535530798048
0.00135883202211
0.591181145863
0.00135883202211
1.04737125195
9.34018582714
0.0651827603334
0.00271766404422
0.00104314377455
6.95684936266
5.55867983979
0.00407649606634
0.580790884845
0.0091412336033
0.00135883202211
0.00104314377455
0.589245839649
0.00135883202211
0.212190541877
6.05637608764
0.0817975700583
0.00407649606634
0.00104314377455
1.05777937539
9.92910365368
23.6436045566
27.3968487089
10.8594414632
6.95959123938
0.323502879982
0.00135568849976
2.29587216816
7.0920036631
0.19850566154
0.00271137699951
0.588026463313
0.522850711651
4.94428496846
0.0581302796108
0.00271137699951
1.16717932917
1.40341832062
0.559748718344
0.00135568849976
0.301873486191
4.60052207701
3.51725849659
1.17024674558
1.41155245162
1.16927448413
0.26994633733
0.00135568849976
0.00412184079219
1.27150572145
0.00568293664039
0.00135568849976
3.17537850583
1.14498164172
0.00324543610548
0.588320880513
0.000903792333171
0.000451896166585
0.900587978535
19.8522299535
1.8489400125
0.00271137699951
0.00135568849976
0.00104073056547
0.591901815287
0.000903792333171
0.00180758466634
1.67665117553
7.2331322053
1.63352932618
0.00271137699951
0.00135568849976
0.575558237263
0.00948981949829
2.63288400476
1.25506628666
0.00271137699951
0.593880572744
0.00135568849976
3.09342782071
2.66961768557
0.00406706549927
6.4286474782
3.28514134593
0.00271137699951
0.588026463313
0.590327025616
0.00135568849976
0.00239641906523
4.41770953689
0.192411910203
0.00135568849976
0.587745739937
2.62151813148
