1.67614201386
2.54923837435
1.70678877361
1.95886533616
1.36014953119
1.53077541703
2.42287399144
2.4343351051
1.69311968015
1.84303811228
1.94889206121
1.76174369261
1.96200406438
1.87958867035
1.83987900271
3.79633254554
1.84524609209
1.62996466383
1.4094384343
2.54361991496
1.89124680374
1.83561250634
1.89062856939
1.7913917661
3.71080559842
1.4844689851
2.21480756182
1.84233835252
1.37438930251
2.25924570314
1.87081789517
1.79153443557
2.16740733066
3.33961362052
1.76669636116
2.06568400242
1.68627154585
1.97721534682
1.86791694939
1.84032739245
1.42856293634
3.24048551778
2.65641711116
1.66744597031
1.78353135798
1.61966528725
2.14191025921
1.80312463112
1.93525014288
1.74872000863
2.62927594398
2.76850775383
1.87065484435
1.78094972005
1.93848398408
1.72538336049
1.9896004151
1.1193166812
1.95815878262
0.00035327676942
0.301114095658
0.00035327676942
0.00070655353884
0.296582641712
0.00105983030826
0.298770240169
2.22441397244
0.00105983030826
2.55122215929
0.295298616531
0.00035327676942
2.90257628783
0.00105983030826
0.302296214079
0.877919947144
1.93499877287
0.00035327676942
0.00070655353884
6.07674767971
2.61598730242
0.00105983030826
0.298342231775
0.00105983030826
0.000434802177747
3.39621942903
0.294109704326
2.2689608143
0.296711723608
0.00070655353884
0.281473676007
0.73170822611
0.568592140327
2.15407290451
1.85634928568
1.70431270636
1.71251899525
3.1863982964
2.05409306447
1.68676168388
1.89258977534
1.8367382204
2.02893885773
1.26197950461
2.31881533986
4.00504846013
2.20103374845
2.0160432609
1.82994143447
1.71205819621
2.19303752971
1.51853614985
1.93662319005
1.82883687206
3.40049366486
2.0649286185
1.80842618491
1.889913075
1.86336969467
1.74576429112
1.98701292101
1.73376996302
1.96950255727
3.80242563262
1.30478638068
2.4631741939
1.818238494
1.91467424726
1.82836929655
1.90259182522
1.8012363645
2.17396858096
3.46745860856
1.79150537288
1.98075147515
2.03698928812
1.83530161161
2.13266607824
1.68235698712
1.66747588852
0.300156366735
0.00105712722289
0.184455147481
0.713838710169
1.84192220967
0.00105712722289
0.000433693219647
4.79652503308
1.99714372356
1.79876973431
0.339717320115
0.296896891131
0.000352375740963
0.000704751481926
0.00740666701678
3.05245485609
1.86469788015
1.80400115877
1.74434123525
1.72691218898
2.33800626483
2.51809059784
2.96044412896
1.96872326476
0.353487079839
0.00317138166867
0.00369994528011
0.293962685442
0.000704751481926
0.000433693219647
0.294952048099
2.66525490488
1.11615693596
0.00356441614897
0.293820379854
0.00105712722289
1.92971120436
0.000352375740963
0.000704751481926
2.91343584983
0.29819797079
0.000352375740963
0.000704751481926
1.99564788971
2.04930959861
1.99785401273
1.86180288703
1.25875469166
2.05145386772
1.04232096513
4.39258337178
2.01890496232
1.32847780089
1.27070624286
1.90602843734
3.0528619034
1.47043253928
2.25042417182
2.03402480858
1.88128687073
2.59499172274
3.06103349304
1.93706535811
1.89234497647
1.81454649482
1.85283406914
1.94171814717
1.82613379518
1.63024244158
0.943725822206
4.493920705
2.16230295876
1.32767369997
2.2540735529
1.8105328629
2.25748239096
1.51627316408
2.10818765447
1.85766554728
1.94251537542
2.38413859401
3.31415346472
1.84690983847
1.62211208789
2.13247562569
1.87767185295
1.9300346296
1.93512039607
1.97907104008
1.27839674648
1.78548889937
2.63513491456
1.24256271085
3.02765299609
3.54686851661
1.79533741741
1.85602985482
1.98523581376
1.84855240358
1.91601440853
2.26115926267
3.33739679202
1.84242199319
1.98265169458
1.80041631122
1.12024315462
0.0392291283838
0.14312996281
0.00107213455289
0.000439850072979
2.5804010711
0.298012169758
2.67356681469
0.242192446434
0.00107213455289
0.246535965905
0.944385597316
0.000357378184295
0.000714756368591
1.95711977238
0.000357378184295
0.000714756368591
0.000439850072979
6.79198613785
2.18197937687
0.0926159309916
0.00214426910577
0.000439850072979
4.42981942952
2.22387509632
0.00214426910577
0.00107213455289
2.25037606322
0.145955091998
0.977887491133
0.00226692496533
0.00226692496533
0.936298136962
2.03938963772
3.04832382878
2.25718881323
1.40855237405
1.83761151845
2.1704353386
2.01639342773
2.04557282088
1.7818248201
1.98384997607
1.74832955058
1.04571359546
3.3896704149
1.01603286315
2.12172551499
4.12153115523
2.69474892625
1.96543121073
2.08860806629
1.80079578512
2.18028774326
1.99995095595
1.94554475678
2.03813992267
1.95082698258
1.99916625115
2.02639114809
1.76031083029
1.8818020237
2.07420001435
1.59736833262
2.3184902425
1.94562468042
1.91880666745
1.14302425592
1.7469999119
2.33777363628
2.68180856291
1.70345606153
2.48212298976
2.27340604568
3.54738881305
2.29098924573
1.94626406951
2.10194804782
1.82077669427
2.13707085321
1.87343183922
2.1374196109
1.28168449963
2.03873571706
2.02979880133
1.92508430581
2.01034102871
2.05400839743
1.85783219851
2.09922337839
1.79691585585
2.09553962532
1.55139044422
1.88422153016
1.80492275108
1.86309262695
2.14887048829
2.14849266746
3.1254501381
2.52497659055
0.209211017473
0.00113346248266
0.317950757958
0.00113346248266
0.319534699119
2.37631862648
0.000377820827555
0.00075564165511
3.04617315638
0.000377820827555
0.00473002612958
3.11108568086
0.939611334988
0.321125906066
0.00113346248266
3.65545283552
1.5465078366
0.00113346248266
0.00113346248266
0.321394740116
0.184550093467
0.00330756664814
0.0211724683811
1.0274878324
0.0194142710386
1.06649152057
0.928092423247
1.73619629835
2.69972212398
0.902608666364
0.950228195153
1.17221913471
1.35959851126
1.23632260563
1.30478451978
1.33622324391
1.71596018795
1.85608380067
1.60002020916
1.35276107715
1.2818269085
1.45049933478
1.33897169033
1.77597467118
1.72003570286
3.08256454302
1.15698142441
1.33228245676
1.29089408714
1.4233449536
1.53849677495
1.47023695246
1.52875595749
3.20512639149
1.50676164974
1.152272689
1.17353273043
1.00752791391
1.1443911147
2.26042877111
2.30538742653
1.17194294279
2.28616851075
0.829438016807
0.945142221998
0.74047727311
1.78661142828
1.67864059684
1.72436046414
1.66324794961
2.37920476936
1.52441772344
0.770757338453
1.94112396639
2.17507873154
1.64592195894
1.65810808535
1.46039508917
0.744471951363
2.43608683205
1.97104026676
1.85339598174
1.71247073881
1.79053200626
1.52635106688
2.3255292275
1.73732801159
3.79462099395
1.64183970764
1.85999764226
1.93005608043
1.83495175062
1.94506475353
1.85177251217
1.83072129878
3.70658313545
1.62299129322
1.85262129709
1.87403627545
1.84477340474
1.71343404234
1.90990080668
1.58375183146
0.226564947204
0.0407012580205
0.00233079034676
0.000431128850267
0.294871924418
0.000350292190842
0.000700584381684
2.18296030583
1.00758180502
0.00105087657253
3.1441620775
3.58274137321
