0.464629734413
0.00221287486243
1.16857953108
31.087797828
17.5641191421
1.35459554079
2.18242597337
1.97695818827
1.38312077572
1.32826300253
1.35442066314
1.33195561134
1.35438703282
2.68484945809
1.32901632163
1.34284510801
1.54815819365
1.56199370609
1.29329419885
2.77238244733
1.41925318836
1.6200261812
1.37730945693
1.29931402561
1.35659318162
2.10693263763
2.27769393553
1.31035822173
1.34640992162
1.33606523609
1.62316725282
2.71551358118
1.35583986252
1.26116379394
1.69634682273
1.33547334251
1.3370001589
2.7216881074
0.525608225303
2.60427121842
1.36670918099
0.0427912154249
0.787164653192
0.00627541716306
0.302006973246
6.84960101833
0.000484276565638
0.000968553131277
0.301932986549
3.46972724972
2.28508587922
0.00145282969692
3.92229715244
1.06131899785
0.000484276565638
0.000968553131277
4.40703781645
0.000484276565638
0.000968553131277
2.54764449056
0.00145282969692
0.000564989326578
2.72677301133
0.286967495458
2.92963108383
0.00145282969692
0.30292171787
0.887625136308
1.65883556709
0.302168398768
0.00145282969692
2.98380279855
0.344556050388
0.00100218344834
0.00266352111101
4.80329711628
0.973550596392
0.00145282969692
3.72971650483
0.00145282969692
0.000564989326578
2.65953928147
0.30004296273
0.00897256859113
2.24721814221
0.298529598462
2.62313782629
0.000968553131277
2.62718225704
0.00310928883358
2.20693451477
36.8502103441
3.50525609931
4.10142553553
1.6448871882
1.33804842083
1.3685875088
1.3380884546
1.31801152305
2.89008397082
1.30785629214
1.46848508909
1.32614504899
1.33655382706
1.34023693315
3.28137395871
1.42155217567
1.32968136462
1.36605870951
1.93324370219
1.33761472175
2.68165486227
1.34819030716
1.94141726189
1.34233870564
1.32223508492
1.31788474947
3.35270744995
1.3164969124
1.3476231622
1.34396007299
1.94733558634
1.36216876232
2.65514583966
1.35210027123
1.33579318559
1.86407203408
1.23904492789
1.52991689658
3.31142596923
1.33479901384
1.32154116638
1.37147661194
1.26349221177
2.00014679046
2.70473432595
2.16814179958
1.23992567065
2.05544008781
1.46343416281
1.3376681001
2.68451060394
1.93351059393
1.35058566057
1.33844875845
1.36421715647
1.29774109499
1.75233780488
0.00432364627503
0.0513900055714
0.589303646075
0.0111894364247
0.0860926047634
0.204579195121
0.0284573323503
0.596769942652
2.9074986572
0.0323005734836
0.0490480305057
0.552312450166
0.886427553904
0.0139984720448
2.23563872199
0.000480405141669
0.000960810283339
2.92997094216
0.590044270668
0.000480405141669
0.000960810283339
3.49358625774
2.52210697688
0.0759040123838
0.00336283599169
3.33337781529
0.712460841977
0.0115964463364
0.0820024887655
0.00115430679873
2.27942231282
0.591959218941
0.000480405141669
2.23261617297
0.00144121542501
0.589163527909
2.5970301621
0.151307602745
0.318747128907
4.97168649564
52.0213116205
1.91753336789
1.44249427889
1.38749741865
1.59121371887
1.3625613729
1.37532609291
2.72539247047
1.38765251034
1.36863692109
1.36041706177
1.33934482192
1.40449007287
1.3512936248
3.31008138099
1.20324175338
1.51880613118
1.38186017305
1.99419586225
1.34560243427
1.32661381749
2.68573620084
2.02445897024
1.28478626427
1.41651305004
1.35625655873
2.72212880196
2.72475861749
1.31398395981
1.42295946965
1.98402724219
1.36165105214
1.3563644486
1.31048428222
1.74309568061
0.592072623367
0.000485504406205
0.000971008812411
2.25311131621
0.00145651321862
0.596455649257
6.8548299681
0.000485504406205
0.000971008812411
3.9171439529
2.43469670725
0.00145651321862
5.28732504773
0.00145651321862
0.200142448341
8.25998086641
1.30562923815
0.00734999726061
0.59750757547
0.00145651321862
0.593225696332
2.93575074069
0.00145651321862
0.652834848427
0.00100472439617
0.890597145133
0.00145651321862
3.85172223416
1.35574408186
0.00291302643723
0.0055630713211
0.930192726706
0.005320319118
0.00145651321862
0.0924683600319
0.00160486178718
3.80504638
2.29949047324
0.00145651321862
3.44454587216
0.588566202656
0.00145651321862
2.8948604807
0.0360554452775
0.100519641435
2.25389351776
0.00221848541169
0.594237163845
1.00758591775
1.21908140462
2.00595637493
29.4599736773
17.9084405317
2.59498567586
1.38551982416
1.38187898373
2.7168671435
1.33877570072
1.31021577481
1.38517307745
1.31510356974
1.45862336556
3.1530011511
2.13832026226
1.3765377508
1.35491942723
1.35132526425
1.68441548591
2.70825848967
1.55897986452
1.37387713664
1.6498808475
1.12591323164
1.57122269057
2.7591702418
1.71620282349
1.3434834541
1.36098749461
1.41422645061
1.65152789436
2.70478435439
1.36609534034
1.31851769117
1.35202542587
1.74164202904
1.56912887392
2.66264129303
1.47950818647
1.57819096575
1.35241218181
1.64586658754
1.55796629722
1.63881829389
2.62985372457
1.34559727537
1.29943328585
1.73836793993
1.34967154918
1.34793781565
2.6873136549
1.94822304815
1.32691963061
1.35746001369
1.2809890283
1.39587554794
2.66133432467
0.804939140118
0.00144033247675
0.298168827304
0.0784514425413
0.0225318677728
5.59671190767
0.00507450469817
0.0899074202962
0.145726971976
0.103283841353
1.41776059974
1.78585223422
0.00144033247675
0.00273396442345
0.301276211259
0.878069354343
0.148234217399
1.80392307224
0.35058759397
0.000593470326067
0.0876402302865
2.92615545422
0.303390032533
0.00144033247675
3.5305883108
2.20087470191
0.00144033247675
3.39944470515
0.430492705399
0.00144033247675
0.00980893089488
0.0852930218059
2.28523417489
0.297061905123
0.000480110825582
0.934602404055
1.30888213363
0.301042824052
0.206191395812
0.16886871909
35.6925228353
22.3629074954
1.75655451073
1.57252387241
1.38297311787
1.37134407303
1.11298925166
2.94774875442
1.38236423232
1.55300607966
1.30138914561
1.4819069827
1.33410837995
2.71080529296
1.95208037289
1.32984618113
1.11557199695
1.54112277491
1.37321087597
3.30470288811
1.36241821237
1.3255572181
1.9617623222
1.32613933944
1.34688159434
2.58064429793
1.79253897746
1.54297619575
1.44623030427
1.34158228277
1.34063215367
1.94304745544
2.62659842911
0.403430166766
0.00289053358614
0.591970572762
2.45332030809
0.00144526679307
0.591435288765
1.64793200555
0.00144526679307
11.8821806466
1.24523116323
0.0489383394654
0.909935958288
0.25664191257
0.468159384156
0.00074270654644
1.61946158794
7.72623569056
0.0130341653375
0.00125791739397
0.595168894647
0.000481755597691
0.000963511195381
0.11048261707
2.82298743672
0.0885359731756
2.36498506641
0.200611060138
0.588785632978
0.000481755597691
2.91148995464
0.00144526679307
0.593743701004
0.884101814362
0.000481755597691
3.67360054599
1.49654700003
0.00289053358614
0.594252220801
0.000481755597691
1.24044037145
4.78851682005
0.000481755597691
0.000963511195381
2.73893446702
1.3765764741
0.0879739249783
0.00311802928505
2.27866383078
0.594105017702
0.00144526679307
2.23793540962
0.589167022826
0.000481755597691
2.61076740488
0.344843333247
